0 0
1 70
2 142
3 120
4 139
5 130
6 98
7 108
8 151
9 113
10 122
11 146
12 139
13 132
14 126
15 125
16 161
17 105
18 119
19 137
20 123
21 121
22 134
23 119
24 130
25 145
26 107
27 113
28 121
29 142
30 112
31 144
32 170
33 127
34 141
35 140
36 128
37 169
38 103
39 114
40 122
41 142
42 115
43 131
44 117
45 128
46 133
47 93
48 129
49 140
50 150
51 127
52 128
53 137
54 150
55 107
56 131
57 161
58 101
59 128
60 110
61 120
62 164
63 118
64 121
65 164
66 131
67 114
68 130
69 137
70 145
71 131
72 132
73 165
74 93
75 140
76 138
77 151
78 126
79 89
80 108
81 146
82 127
83 112
84 112
85 113
86 93
87 135
88 116
89 138
90 142
91 113
92 124
93 135
94 133
95 133
96 135
97 112
98 93
99 123
100 134
101 121
102 120
103 156
104 117
105 124
106 106
107 120
108 145
109 154
110 133
111 135
112 85
113 127
114 107
115 139
116 136
117 114
118 130
119 118
120 115
121 158
122 122
123 124
124 137
125 107
126 122
127 107
128 140
129 141
130 134
131 138
132 119
133 117
134 103
135 123
136 132
137 147
138 153
139 152
140 113
141 121
142 130
143 122
144 137
145 91
146 134
147 139
148 123
149 122
150 126
151 145
152 108
153 105
154 127
155 143
156 135
157 117
158 111
159 103
160 114
161 137
162 129
163 152
164 153
165 124
166 134
167 131
168 129
169 118
170 73
171 138
172 133
173 122
174 116
175 109
176 133
177 133
178 78
179 118
180 117
181 119
182 115
183 109
184 110
185 121
186 158
187 124
188 130
189 120
190 120
191 128
192 130
193 121
194 128
195 106
196 149
197 126
198 110
199 130
200 123
201 117
202 120
203 119
204 153
205 112
206 126
207 121
208 104
209 137
210 147
211 147
212 124
213 118
214 137
215 119
216 139
217 107
218 120
219 123
220 113
221 117
222 119
223 112
224 139
225 142
226 116
227 110
228 116
229 111
230 155
231 143
232 108
233 86
234 132
235 111
236 123
237 98
238 129
239 123
240 101
241 119
242 118
243 139
244 124
245 133
246 119
247 135
248 130
249 105
250 135
251 65
252 119
253 145
254 139
255 123
256 124
257 102
258 138
259 103
260 105
261 164
262 127
263 133
264 141
265 149
266 124
267 138
268 117
269 147
270 120
271 128
272 134
273 125
274 104
275 125
276 126
277 142
278 150
279 125
280 129
281 126
282 129
283 132
284 135
285 170
286 134
287 91
288 97
289 122
290 129
291 156
292 125
293 149
294 162
295 114
296 148
297 109
298 111
299 125
300 138
301 148
302 133
303 124
304 143
305 133
306 141
307 116
308 135
309 134
310 119
311 131
312 132
313 135
314 114
315 130
316 125
317 175
318 131
319 140
320 124
321 143
322 135
323 112
324 94
325 129
326 97
327 106
328 122
329 112
330 151
331 114
332 149
333 118
334 123
335 149
336 107
337 86
338 102
339 121
340 140
341 151
342 139
343 147
344 89
345 110
346 131
347 126
348 113
349 131
350 126
351 107
352 112
353 121
354 124
355 118
356 145
357 115
358 124
359 135
360 121
361 124
362 147
363 145
364 141
365 133
366 127
367 140
368 105
369 107
370 159
371 142
372 195
373 129
374 167
375 143
376 127
377 100
378 147
379 132
380 144
381 140
382 142
383 138
384 89
385 121
386 149
387 143
388 140
389 125
390 137
391 134
392 124
393 128
394 134
395 137
396 177
397 134
398 123
399 136
400 149
401 121
402 131
403 120
404 107
405 145
406 157
407 144
408 140
409 164
410 142
411 113
412 87
413 98
414 129
415 123
416 126
417 140
418 140
419 113
420 122
421 118
422 95
423 122
424 138
425 128
426 124
427 143
428 150
429 145
430 137
431 130
432 119
433 131
434 113
435 120
436 111
437 109
438 153
439 112
440 139
441 129
442 103
443 115
444 116
445 122
446 140
447 124
448 142
449 135
450 132
451 135
452 118
453 118
454 123
455 125
456 140
457 124
458 113
459 102
460 116
461 141
462 125
463 135
464 141
465 123
466 128
467 136
468 109
469 155
470 125
471 130
472 154
473 108
474 131
475 145
476 128
477 85
478 101
479 112
480 130
481 125
482 137
483 102
484 158
485 122
486 111
487 128
488 136
489 119
490 138
491 151
492 136
493 144
494 135
495 153
496 119
497 139
498 79
499 120
500 125
501 103
502 94
503 139
504 118
505 131
506 146
507 107
508 135
509 155
510 123
511 140
512 124
513 144
514 126
515 136
516 107
517 110
518 122
519 120
520 111
521 148
522 105
523 112
524 140
525 94
526 106
527 130
528 140
529 115
530 142
531 118
532 141
533 134
534 132
535 113
536 135
537 101
538 130
539 147
540 136
541 130
542 139
543 131
544 114
545 115
546 110
547 134
548 151
549 112
550 138
551 142
552 107
553 136
554 97
555 127
556 139
557 153
558 157
559 114
560 137
561 161
562 170
563 109
564 124
565 135
566 98
567 125
568 120
569 125
570 135
571 94
572 84
573 106
574 125
575 134
576 149
577 174
578 155
579 111
580 192
581 134
582 135
583 96
584 129
585 152
586 143
587 119
588 126
589 128
590 129
591 127
592 145
593 140
594 124
595 85
596 100
597 113
598 127
599 138
600 140
601 137
602 145
603 117
604 126
605 117
606 174
607 175
608 118
609 112
610 112
611 149
612 131
613 140
614 128
615 134
616 130
617 141
618 154
619 132
620 132
621 135
622 143
623 138
624 110
625 134
626 137
627 151
628 130
629 106
630 110
631 120
632 161
633 129
634 124
635 117
636 144
637 158
638 134
639 129
640 117
641 118
642 131
643 133
644 130
645 143
646 132
647 107
648 117
649 104
650 128
651 115
652 130
653 143
654 142
655 151
656 88
657 91
658 139
659 117
660 121
661 137
662 120
663 143
664 144
665 137
666 127
667 108
668 151
669 130
670 89
671 117
672 133
673 132
674 162
675 152
676 101
677 109
678 120
679 143
680 154
681 140
682 155
683 133
684 136
685 119
686 139
687 135
688 158
689 142
690 136
691 148
692 144
693 142
694 128
695 121
696 115
697 96
698 135
699 122
700 154
701 140
702 131
703 185
704 121
705 131
706 106
707 131
708 130
709 125
710 135
711 130
712 145
713 156
714 60
715 70
716 125
717 114
718 145
719 150
720 137
721 180
722 145
723 151
724 119
725 155
726 134
727 111
728 147
729 109
730 118
731 141
732 125
733 142
734 100
735 134
736 149
737 143
738 131
739 141
740 112
741 131
742 103
743 91
744 104
745 128
746 140
747 120
748 109
749 127
750 131
751 108
752 127
753 119
754 132
755 153
756 130
757 131
758 134
759 145
760 158
761 110
762 124
763 119
764 129
765 98
766 108
767 126
768 123
769 140
770 97
771 118
772 132
773 138
774 138
775 112
776 115
777 140
778 132
779 119
780 114
781 96
782 143
783 151
784 123
785 131
786 144
787 138
788 142
789 134
790 103
791 126
792 134
793 141
794 103
795 146
796 142
797 132
798 118
799 127
800 150
801 126
802 123
803 149
804 130
805 135
806 116
807 128
808 176
809 144
810 117
811 122
812 92
813 160
814 122
815 133
816 124
817 137
818 166
819 122
820 136
821 91
822 131
823 122
824 105
825 127
826 136
827 117
828 133
829 122
830 131
831 135
832 141
833 105
834 94
835 111
836 114
837 145
838 170
839 149
840 94
841 111
842 124
843 144
844 138
845 145
846 160
847 139
848 135
849 116
850 154
851 130
852 126
853 131
854 127
855 122
856 164
857 131
858 139
859 143
860 127
861 130
862 123
863 132
864 132
865 145
866 112
867 140
868 154
869 145
870 106
871 125
872 128
873 113
874 115
875 116
876 120
877 114
878 116
879 123
880 132
881 114
882 134
883 143
884 140
885 138
886 130
887 114
888 121
889 109
890 118
891 123
892 130
893 113
894 130
895 137
896 122
897 119
898 110
899 121
900 144
901 123
902 106
903 136
904 131
905 112
906 146
907 123
908 125
909 98
910 99
911 124
912 103
913 105
914 137
915 130
916 102
917 142
918 136
919 129
920 99
921 146
922 175
923 152
924 150
925 113
926 152
927 129
928 134
929 116
930 138
931 132
932 118
933 156
934 119
935 121
936 128
937 133
938 141
939 155
940 180
941 125
942 123
943 151
944 141
945 123
946 141
947 103
948 161
949 120
950 126
951 129
952 131
953 129
954 107
955 111
956 131
957 128
958 145
959 105
960 81
961 90
962 101
963 107
964 113
965 135
966 123
967 142
968 126
969 117
970 138
971 154
972 131
973 109
974 136
975 125
976 111
977 153
978 107
979 108
980 145
981 153
982 119
983 140
984 123
985 141
986 130
987 138
988 126
989 120
990 169
991 146
992 136
993 129
994 147
995 113
996 125
997 129
998 144
999 115
1000 125
1001 114
1002 122
1003 117
1004 106
1005 143
1006 123
1007 115
1008 118
1009 208
1010 115
1011 125
1012 148
1013 124
1014 106
1015 116
1016 115
1017 122
1018 206
1019 123
1020 112
1021 139
1022 141
1023 161
1024 131
1025 130
1026 143
1027 135
1028 126
1029 89
1030 142
1031 126
1032 124
1033 131
1034 93
1035 119
1036 135
1037 160
1038 106
1039 107
1040 122
1041 121
1042 128
1043 147
1044 119
1045 104
1046 115
1047 125
1048 123
1049 114
1050 123
1051 140
1052 112
1053 127
1054 135
1055 135
1056 137
1057 125
1058 117
1059 134
1060 165
1061 120
1062 126
1063 127
1064 122
1065 162
1066 138
1067 134
1068 130
1069 118
1070 111
1071 139
1072 152
1073 117
1074 108
1075 130
1076 106
1077 118
1078 102
1079 146
1080 134
1081 135
1082 138
1083 157
1084 123
1085 154
1086 130
1087 136
1088 123
1089 142
1090 126
1091 119
1092 151
1093 122
1094 155
1095 109
1096 113
1097 48
1098 117
1099 123
1100 111
1101 150
1102 116
1103 128
1104 133
1105 125
1106 128
1107 128
1108 105
1109 117
1110 133
1111 134
1112 127
1113 120
1114 139
1115 149
1116 123
1117 121
1118 116
1119 141
1120 135
1121 129
1122 132
1123 118
1124 145
1125 128
1126 157
1127 130
1128 112
1129 113
1130 126
1131 107
1132 98
1133 102
1134 131
1135 115
1136 140
1137 135
1138 129
1139 140
1140 124
1141 128
1142 112
1143 144
1144 140
1145 108
1146 121
1147 135
1148 120
1149 98
1150 118
1151 141
1152 132
1153 112
1154 139
1155 135
1156 118
1157 106
1158 120
1159 130
1160 106
1161 143
1162 125
1163 123
1164 128
1165 140
1166 124
1167 109
1168 165
1169 141
1170 144
1171 139
1172 128
1173 131
1174 113
1175 153
1176 171
1177 115
1178 106
1179 131
1180 144
1181 85
1182 120
1183 126
1184 115
1185 121
1186 142
1187 127
1188 141
1189 186
1190 129
1191 138
1192 134
1193 128
1194 134
1195 146
1196 116
1197 119
1198 130
1199 134
1200 118
1201 132
1202 120
1203 145
1204 122
1205 136
1206 155
1207 115
1208 112
1209 132
1210 140
1211 136
1212 99
1213 110
1214 144
1215 120
1216 140
1217 174
1218 120
1219 120
1220 120
1221 133
1222 121
1223 115
1224 151
1225 138
1226 150
1227 150
1228 103
1229 107
1230 144
1231 142
1232 121
1233 138
1234 130
1235 143
1236 142
1237 128
1238 102
1239 118
1240 122
1241 91
1242 134
1243 140
1244 153
1245 124
1246 126
1247 143
1248 111
1249 139
1250 137
1251 133
1252 136
1253 147
1254 93
1255 111
1256 149
1257 123
1258 126
1259 127
1260 90
1261 113
1262 100
1263 127
1264 121
1265 123
1266 138
1267 153
1268 92
1269 121
1270 137
1271 120
1272 148
1273 136
1274 118
1275 174
1276 168
1277 138
1278 152
1279 124
1280 115
1281 125
1282 146
1283 128
1284 137
1285 144
1286 123
1287 125
1288 132
1289 69
1290 113
1291 117
1292 126
1293 128
1294 122
1295 102
1296 112
1297 111
1298 139
1299 89
1300 126
1301 126
1302 135
1303 112
1304 120
1305 132
1306 136
1307 152
1308 120
1309 138
1310 125
1311 123
1312 114
1313 121
1314 141
1315 129
1316 148
1317 125
1318 128
1319 153
1320 118
1321 129
1322 111
1323 134
1324 165
1325 136
1326 132
1327 123
1328 149
1329 110
1330 145
1331 115
1332 90
1333 123
1334 146
1335 132
1336 67
1337 104
1338 141
1339 116
1340 117
1341 109
1342 95
1343 96
1344 111
1345 133
1346 145
1347 110
1348 133
1349 166
1350 156
1351 143
1352 123
1353 117
1354 127
1355 135
1356 146
1357 114
1358 111
1359 134
1360 111
1361 159
1362 142
1363 144
1364 138
1365 124
1366 91
1367 111
1368 151
1369 123
1370 138
1371 147
1372 153
1373 122
1374 125
1375 140
1376 135
1377 112
1378 116
1379 137
1380 96
1381 124
1382 135
1383 132
1384 125
1385 127
1386 135
1387 107
1388 121
1389 100
1390 117
1391 103
1392 121
1393 135
1394 142
1395 133
1396 133
1397 136
1398 138
1399 131
1400 125
1401 126
1402 140
1403 145
1404 157
1405 100
1406 126
1407 128
1408 111
1409 117
1410 115
1411 122
1412 106
1413 131
1414 122
1415 135
1416 119
1417 126
1418 99
1419 120
1420 96
1421 144
1422 129
1423 129
1424 111
1425 124
1426 120
1427 138
1428 133
1429 135
1430 122
1431 127
1432 133
1433 138
1434 116
1435 155
1436 115
1437 135
1438 131
1439 114
1440 101
1441 107
1442 113
1443 147
1444 120
1445 132
1446 115
1447 126
1448 129
1449 162
1450 116
1451 138
1452 103
1453 111
1454 98
1455 124
1456 112
1457 136
1458 142
1459 149
1460 132
1461 119
1462 107
1463 156
1464 159
1465 132
1466 100
1467 134
1468 137
1469 131
1470 112
1471 139
1472 143
1473 118
1474 123
1475 134
1476 111
1477 116
1478 122
1479 175
1480 129
1481 140
1482 136
1483 130
1484 104
1485 122
1486 105
1487 122
1488 122
1489 106
1490 133
1491 131
1492 115
1493 142
1494 135
1495 128
1496 144
1497 111
1498 131
1499 164
1500 114
1501 139
1502 118
1503 133
1504 104
1505 132
1506 109
1507 133
1508 145
1509 94
1510 154
1511 134
1512 106
1513 109
1514 110
1515 145
1516 130
1517 107
1518 118
1519 133
1520 115
1521 114
1522 122
1523 149
1524 137
1525 110
1526 101
1527 145
1528 155
1529 151
1530 128
1531 87
1532 139
1533 130
1534 94
1535 116
1536 120
1537 141
1538 137
1539 135
1540 134
1541 110
1542 132
1543 145
1544 157
1545 125
1546 101
1547 141
1548 136
1549 118
1550 134
1551 162
1552 152
1553 125
1554 79
1555 92
1556 107
1557 145
1558 146
1559 118
1560 129
1561 108
1562 128
1563 161
1564 154
1565 133
1566 99
1567 105
1568 136
1569 120
1570 120
1571 159
1572 126
1573 113
1574 95
1575 128
1576 129
1577 142
1578 115
1579 141
1580 139
1581 163
1582 141
1583 143
1584 120
1585 75
1586 116
1587 133
1588 138
1589 125
1590 135
1591 132
1592 118
1593 90
1594 140
1595 92
1596 121
1597 127
1598 119
1599 117
1600 130
1601 140
1602 123
1603 71
1604 111
1605 113
1606 131
1607 94
1608 110
1609 145
1610 130
1611 167
1612 144
1613 128
1614 123
1615 114
1616 146
1617 124
1618 134
1619 155
1620 121
1621 138
1622 105
1623 121
1624 133
1625 123
1626 143
1627 150
1628 157
1629 127
1630 166
1631 137
1632 103
1633 126
1634 128
1635 158
1636 128
1637 143
1638 134
1639 170
1640 133
1641 118
1642 134
1643 136
1644 133
1645 124
1646 126
1647 131
1648 120
1649 128
1650 109
1651 117
1652 102
1653 111
1654 141
1655 113
1656 116
1657 116
1658 139
1659 128
1660 128
1661 116
1662 132
1663 107
1664 118
1665 162
1666 116
1667 117
1668 129
1669 142
1670 129
1671 149
1672 134
1673 140
1674 109
1675 86
1676 133
1677 125
1678 115
1679 134
1680 122
1681 121
1682 160
1683 122
1684 104
1685 135
1686 131
1687 110
1688 125
1689 137
1690 121
1691 143
1692 115
1693 139
1694 130
1695 132
1696 93
1697 115
1698 89
1699 135
1700 120
1701 137
1702 140
1703 123
1704 128
1705 126
1706 128
1707 137
1708 148
1709 148
1710 144
1711 142
1712 133
1713 116
1714 128
1715 154
1716 132
1717 118
1718 128
1719 111
1720 152
1721 146
1722 127
1723 120
1724 121
1725 134
1726 137
1727 151
1728 122
1729 127
1730 155
1731 108
1732 123
1733 118
1734 131
1735 130
1736 126
1737 107
1738 121
1739 162
1740 127
1741 136
1742 127
1743 136
1744 119
1745 130
1746 106
1747 117
1748 136
1749 138
1750 159
1751 137
1752 126
1753 123
1754 134
1755 146
1756 119
1757 142
1758 129
1759 123
1760 129
1761 129
1762 134
1763 119
1764 112
1765 123
1766 123
1767 134
1768 127
1769 97
1770 122
1771 147
1772 111
1773 122
1774 115
1775 120
1776 123
1777 152
1778 122
1779 119
1780 137
1781 118
1782 143
1783 68
1784 131
1785 137
1786 115
1787 122
1788 134
1789 153
1790 83
1791 92
1792 126
1793 131
1794 116
1795 131
1796 136
1797 122
1798 139
1799 146
1800 92
1801 131
1802 107
1803 130
1804 128
1805 115
1806 147
1807 114
1808 127
1809 158
1810 117
1811 120
1812 107
1813 121
1814 140
1815 141
1816 150
1817 105
1818 121
1819 122
1820 134
1821 103
1822 121
1823 165
1824 139
1825 112
1826 143
1827 116
1828 132
1829 103
1830 135
1831 128
1832 125
1833 138
1834 110
1835 161
1836 138
1837 136
1838 118
1839 142
1840 58
1841 104
1842 123
1843 126
1844 154
1845 182
1846 105
1847 119
1848 159
1849 118
1850 154
1851 129
1852 131
1853 113
1854 130
1855 122
1856 137
1857 126
1858 147
1859 102
1860 109
1861 117
1862 139
1863 118
1864 120
1865 140
1866 102
1867 104
1868 116
1869 120
1870 128
1871 140
1872 124
1873 104
1874 123
1875 131
1876 130
1877 132
1878 136
1879 110
1880 134
1881 139
1882 124
1883 118
1884 123
1885 118
1886 78
1887 114
1888 147
1889 130
1890 104
1891 138
1892 123
1893 128
1894 144
1895 122
1896 128
1897 113
1898 119
1899 147
1900 158
1901 115
1902 142
1903 140
1904 146
1905 175
1906 108
1907 148
1908 166
1909 116
1910 155
1911 156
1912 126
1913 140
1914 128
1915 134
1916 110
1917 73
1918 118
1919 130
1920 133
1921 90
1922 115
1923 159
1924 123
1925 118
1926 141
1927 163
1928 112
1929 115
1930 96
1931 131
1932 133
1933 144
1934 130
1935 136
1936 129
1937 138
1938 140
1939 148
1940 138
1941 110
1942 101
1943 161
1944 118
1945 143
1946 134
1947 112
1948 96
1949 113
1950 115
1951 117
1952 138
1953 128
1954 133
1955 157
1956 138
1957 109
1958 156
1959 133
1960 121
1961 117
1962 125
1963 129
1964 132
1965 113
1966 109
1967 140
1968 144
1969 138
1970 123
1971 129
1972 161
1973 119
1974 83
1975 113
1976 141
1977 164
1978 155
1979 133
1980 141
1981 150
1982 117
1983 123
1984 129
1985 127
1986 127
1987 107
1988 166
1989 140
1990 143
1991 112
1992 125
1993 141
1994 106
1995 116
1996 130
1997 115
1998 123
1999 121
2000 119
2001 119
2002 140
2003 109
2004 108
2005 137
2006 121
2007 104
2008 130
2009 80
2010 81
2011 85
2012 108
2013 122
2014 126
2015 143
2016 145
2017 125
2018 129
2019 129
2020 134
2021 110
2022 133
2023 114
2024 145
2025 119
2026 99
2027 123
2028 144
2029 131
2030 77
2031 153
2032 119
2033 115
2034 148
2035 117
2036 138
2037 140
2038 141
2039 112
2040 139
2041 127
2042 133
2043 136
2044 161
2045 135
2046 133
2047 118
2048 125
2049 136
2050 119
2051 126
2052 144
2053 130
2054 95
2055 102
2056 134
2057 88
2058 74
2059 111
2060 129
2061 138
2062 125
2063 144
2064 126
2065 126
2066 114
2067 103
2068 141
2069 131
2070 109
2071 118
2072 124
2073 148
2074 158
2075 159
2076 134
2077 86
2078 87
2079 111
2080 131
2081 119
2082 119
2083 127
2084 156
2085 126
2086 119
2087 105
2088 136
2089 134
2090 125
2091 149
2092 144
2093 147
2094 118
2095 128
2096 121
2097 126
2098 140
2099 115
2100 139
2101 153
2102 110
2103 111
2104 135
2105 132
2106 141
2107 126
2108 109
2109 147
2110 128
2111 133
2112 139
2113 115
2114 131
2115 139
2116 117
2117 133
2118 108
2119 141
2120 95
2121 103
2122 130
2123 125
2124 134
2125 123
2126 126
2127 126
2128 112
2129 121
2130 147
2131 121
2132 139
2133 118
2134 133
2135 120
2136 125
2137 151
2138 151
2139 130
2140 133
2141 138
2142 120
2143 120
2144 166
2145 101
2146 107
2147 132
2148 116
2149 132
2150 100
2151 136
2152 138
2153 124
2154 138
2155 144
2156 119
2157 119
2158 127
2159 127
2160 109
2161 126
2162 115
2163 116
2164 100
2165 152
2166 138
2167 131
2168 132
2169 110
2170 147
2171 115
2172 98
2173 121
2174 161
2175 156
2176 133
2177 87
2178 123
2179 132
2180 153
2181 170
2182 134
2183 109
2184 129
2185 120
2186 132
2187 156
2188 127
2189 133
2190 119
2191 111
2192 107
2193 117
2194 161
2195 114
2196 116
2197 123
2198 137
2199 113
2200 115
2201 100
2202 127
2203 118
2204 154
2205 123
2206 141
2207 111
2208 146
2209 143
2210 132
2211 116
2212 119
2213 101
2214 132
2215 140
2216 151
2217 127
2218 117
2219 115
2220 137
2221 115
2222 122
2223 161
2224 91
2225 108
2226 140
2227 134
2228 138
2229 160
2230 122
2231 131
2232 140
2233 113
2234 130
2235 161
2236 153
2237 139
2238 128
2239 128
2240 136
2241 118
2242 124
2243 135
2244 138
2245 142
2246 136
2247 132
2248 105
2249 129
2250 124
2251 94
2252 159
2253 122
2254 124
2255 131
2256 148
2257 155
2258 129
2259 121
2260 147
2261 122
2262 128
2263 117
2264 130
2265 144
2266 104
2267 103
2268 105
2269 144
2270 108
2271 119
2272 133
2273 117
2274 122
2275 118
2276 140
2277 143
2278 102
2279 110
2280 106
2281 139
2282 119
2283 135
2284 136
2285 129
2286 138
2287 131
2288 139
2289 145
2290 145
2291 105
2292 119
2293 121
2294 134
2295 133
2296 113
2297 122
2298 139
2299 126
2300 166
2301 121
2302 121
2303 126
2304 159
2305 135
2306 128
2307 138
2308 140
2309 144
2310 56
2311 125
2312 142
2313 127
2314 125
2315 114
2316 108
2317 113
2318 133
2319 112
2320 136
2321 130
2322 145
2323 132
2324 119
2325 160
2326 126
2327 149
2328 105
2329 125
2330 123
2331 128
2332 125
2333 149
2334 97
2335 98
2336 109
2337 138
2338 128
2339 154
2340 116
2341 95
2342 116
2343 117
2344 125
2345 131
2346 127
2347 138
2348 117
2349 125
2350 99
2351 149
2352 145
2353 139
2354 151
2355 144
2356 129
2357 138
2358 102
2359 114
2360 152
2361 133
2362 115
2363 136
2364 144
2365 130
2366 156
2367 127
2368 119
2369 142
2370 131
2371 148
2372 104
2373 106
2374 146
2375 126
2376 119
2377 107
2378 129
2379 119
2380 83
2381 155
2382 128
2383 118
2384 167
2385 116
2386 119
2387 108
2388 138
2389 125
2390 135
2391 129
2392 119
2393 111
2394 132
2395 143
2396 110
2397 123
2398 147
2399 149
2400 133
2401 136
2402 127
2403 127
2404 117
2405 126
2406 123
2407 123
2408 118
2409 96
2410 129
2411 116
2412 159
2413 137
2414 118
2415 116
2416 137
2417 115
2418 156
2419 136
2420 137
2421 101
2422 128
2423 142
2424 149
2425 113
2426 107
2427 139
2428 145
2429 133
2430 122
2431 98
2432 99
2433 122
2434 128
2435 138
2436 137
2437 132
2438 135
2439 146
2440 142
2441 129
2442 110
2443 120
2444 123
2445 116
2446 109
2447 114
2448 144
2449 132
2450 147
2451 116
2452 135
2453 126
2454 97
2455 125
2456 115
2457 127
2458 124
2459 108
2460 123
2461 130
2462 143
2463 134
2464 154
2465 130
2466 136
2467 93
2468 116
2469 123
2470 89
2471 125
2472 120
2473 124
2474 131
2475 115
2476 141
2477 125
2478 112
2479 130
2480 138
2481 135
2482 133
2483 113
2484 130
2485 134
2486 123
2487 112
2488 128
2489 128
2490 127
2491 118
2492 176
2493 138
2494 129
2495 91
2496 118
2497 127
2498 120
2499 121
2500 128
2501 125
2502 157
2503 114
2504 149
2505 130
2506 131
2507 138
2508 131
2509 143
2510 137
2511 119
2512 117
2513 130
2514 114
2515 117
2516 137
2517 132
2518 149
2519 116
2520 126
2521 150
2522 128
2523 133
2524 102
2525 110
2526 133
2527 125
2528 135
2529 120
2530 137
2531 133
2532 123
2533 159
2534 129
2535 126
2536 129
2537 154
2538 112
2539 159
2540 104
2541 97
2542 152
2543 143
2544 119
2545 167
2546 151
2547 122
2548 133
2549 132
2550 136
2551 90
2552 126
2553 135
2554 109
2555 144
2556 149
2557 131
2558 230
2559 149
2560 112
2561 139
2562 118
2563 125
2564 141
2565 134
2566 140
2567 130
2568 137
2569 134
2570 127
2571 112
2572 136
2573 137
2574 123
2575 140
2576 125
2577 132
2578 169
2579 151
2580 153
2581 159
2582 153
2583 144
2584 122
2585 95
2586 136
2587 120
2588 118
2589 119
2590 120
2591 129
2592 119
2593 128
2594 134
2595 129
2596 90
2597 121
2598 120
2599 124
2600 121
2601 113
2602 135
2603 135
2604 126
2605 152
2606 136
2607 105
2608 119
2609 124
2610 107
2611 177
2612 135
2613 118
2614 157
2615 113
2616 97
2617 128
2618 114
2619 130
2620 131
2621 140
2622 128
2623 129
2624 156
2625 125
2626 127
2627 133
2628 126
2629 119
2630 121
2631 111
2632 119
2633 141
2634 150
2635 144
2636 109
2637 138
2638 133
2639 105
2640 129
2641 121
2642 147
2643 146
2644 128
2645 130
2646 117
2647 141
2648 110
2649 83
2650 114
2651 113
2652 115
2653 127
2654 137
2655 110
2656 122
2657 127
2658 120
2659 145
2660 134
2661 137
2662 125
2663 153
2664 109
2665 139
2666 144
2667 126
2668 106
2669 130
2670 131
2671 104
2672 146
2673 126
2674 123
2675 126
2676 141
2677 149
2678 142
2679 127
2680 104
2681 133
2682 115
2683 124
2684 126
2685 127
2686 133
2687 121
2688 139
2689 111
2690 116
2691 119
2692 126
2693 115
2694 159
2695 129
2696 134
2697 161
2698 126
2699 102
2700 105
2701 126
2702 130
2703 134
2704 122
2705 106
2706 145
2707 100
2708 121
2709 135
2710 136
2711 62
2712 125
2713 152
2714 130
2715 131
2716 142
2717 142
2718 130
2719 124
2720 146
2721 135
2722 143
2723 120
2724 152
2725 113
2726 125
2727 134
2728 135
2729 134
2730 140
2731 129
2732 134
2733 127
2734 128
2735 85
2736 146
2737 148
2738 113
2739 121
2740 166
2741 151
2742 133
2743 127
2744 144
2745 97
2746 94
2747 145
2748 123
2749 144
2750 152
2751 126
2752 170
2753 143
2754 137
2755 137
2756 102
2757 113
2758 144
2759 139
2760 139
2761 131
2762 105
2763 120
2764 128
2765 126
2766 121
2767 119
2768 156
2769 96
2770 122
2771 145
2772 140
2773 100
2774 130
2775 165
2776 133
2777 123
2778 117
2779 132
2780 129
2781 151
2782 140
2783 126
2784 128
2785 130
2786 76
2787 84
2788 103
2789 129
2790 185
2791 107
2792 116
2793 110
2794 130
2795 144
2796 128
2797 121
2798 141
2799 136
2800 114
2801 111
2802 89
2803 146
2804 139
2805 114
2806 107
2807 140
2808 134
2809 94
2810 101
2811 120
2812 135
2813 143
2814 143
2815 132
2816 103
2817 123
2818 137
2819 160
2820 145
2821 133
2822 142
2823 151
2824 133
2825 146
2826 122
2827 119
2828 144
2829 142
2830 124
2831 102
2832 137
2833 128
2834 136
2835 126
2836 156
2837 90
2838 127
2839 128
2840 129
2841 168
2842 132
2843 143
2844 139
2845 107
2846 135
2847 119
2848 129
2849 130
2850 112
2851 107
2852 135
2853 143
2854 125
2855 116
2856 114
2857 121
2858 147
2859 114
2860 147
2861 116
2862 120
2863 118
2864 117
2865 118
2866 128
2867 139
2868 132
2869 131
2870 118
2871 116
2872 97
2873 102
2874 137
2875 127
2876 126
2877 107
2878 121
2879 133
2880 133
2881 148
2882 132
2883 146
2884 131
2885 98
2886 120
2887 121
2888 135
2889 133
2890 134
2891 133
2892 129
2893 137
2894 96
2895 151
2896 105
2897 128
2898 133
2899 136
2900 151
2901 133
2902 102
2903 122
2904 99
2905 134
2906 130
2907 141
2908 91
2909 104
2910 111
2911 127
2912 133
2913 159
2914 127
2915 126
2916 126
2917 126
2918 134
2919 135
2920 119
2921 113
2922 117
2923 118
2924 108
2925 106
2926 114
2927 118
2928 121
2929 118
2930 113
2931 135
2932 136
2933 142
2934 137
2935 93
2936 123
2937 55
2938 101
2939 141
2940 88
2941 113
2942 138
2943 99
2944 114
2945 148
2946 104
2947 90
2948 123
2949 112
2950 120
2951 134
2952 132
2953 116
2954 109
2955 126
2956 129
2957 153
2958 102
2959 99
2960 133
2961 122
2962 131
2963 131
2964 128
2965 135
2966 92
2967 129
2968 136
2969 128
2970 104
2971 124
2972 127
2973 143
2974 110
2975 146
2976 104
2977 124
2978 135
2979 130
2980 148
2981 142
2982 113
2983 117
2984 110
2985 120
2986 115
2987 153
2988 165
2989 144
2990 104
2991 128
2992 134
2993 64
2994 110
2995 124
2996 96
2997 147
2998 136
2999 89
3000 112
3001 155
3002 111
3003 104
3004 108
3005 138
3006 132
3007 125
3008 134
3009 159
3010 146
3011 134
3012 148
3013 86
3014 92
3015 102
3016 138
3017 111
3018 137
3019 108
3020 98
3021 113
3022 129
3023 143
3024 122
3025 137
3026 116
3027 118
3028 155
3029 118
3030 129
3031 119
3032 136
3033 116
3034 90
3035 135
3036 127
3037 132
3038 98
3039 91
3040 94
3041 130
3042 83
3043 110
3044 116
3045 148
3046 137
3047 132
3048 123
3049 87
3050 101
3051 129
3052 144
3053 128
3054 164
3055 149
3056 127
3057 130
3058 126
3059 134
3060 141
3061 141
3062 128
3063 132
3064 104
3065 115
3066 131
3067 119
3068 155
3069 114
3070 122
3071 105
3072 118
3073 141
3074 143
3075 142
3076 127
3077 129
3078 152
3079 165
3080 113
3081 130
3082 105
3083 135
3084 124
3085 135
3086 155
3087 118
3088 149
3089 130
3090 120
3091 117
3092 146
3093 128
3094 200
3095 115
3096 128
3097 131
3098 133
3099 153
3100 154
3101 72
3102 95
3103 103
3104 113
3105 126
3106 141
3107 140
3108 151
3109 122
3110 136
3111 111
3112 140
3113 149
3114 107
3115 142
3116 138
3117 126
3118 135
3119 144
3120 156
3121 115
3122 125
3123 118
3124 137
3125 117
3126 147
3127 168
3128 122
3129 152
3130 133
3131 111
3132 124
3133 76
3134 127
3135 117
3136 119
3137 77
3138 119
3139 123
3140 143
3141 128
3142 112
3143 128
3144 157
3145 150
3146 94
3147 143
3148 161
3149 130
3150 123
3151 132
3152 133
3153 131
3154 118
3155 145
3156 148
3157 116
3158 136
3159 140
3160 128
3161 112
3162 141
3163 133
3164 111
3165 125
3166 132
3167 171
3168 146
3169 121
3170 95
3171 133
3172 130
3173 122
3174 106
3175 123
3176 138
3177 158
3178 129
3179 109
3180 121
3181 126
3182 161
3183 129
3184 100
3185 117
3186 123
3187 100
3188 122
3189 112
3190 148
3191 137
3192 118
3193 110
3194 117
3195 130
3196 126
3197 135
3198 106
3199 139
3200 163
3201 136
3202 139
3203 152
3204 102
3205 110
3206 126
3207 136
3208 134
3209 206
3210 142
3211 120
3212 129
3213 136
3214 88
3215 146
3216 162
3217 119
3218 112
3219 111
3220 118
3221 114
3222 136
3223 140
3224 129
3225 136
3226 128
3227 125
3228 165
3229 129
3230 119
3231 141
3232 142
3233 94
3234 134
3235 127
3236 116
3237 141
3238 146
3239 135
3240 118
3241 113
3242 118
3243 123
3244 107
3245 132
3246 154
3247 81
3248 108
3249 120
3250 113
3251 88
3252 94
3253 137
3254 137
3255 126
3256 146
3257 138
3258 132
3259 129
3260 117
3261 122
3262 113
3263 131
3264 127
3265 90
3266 104
3267 127
3268 143
3269 113
3270 158
3271 158
3272 121
3273 156
3274 149
3275 135
3276 123
3277 152
3278 161
3279 142
3280 121
3281 120
3282 126
3283 155
3284 116
3285 135
3286 130
3287 144
3288 134
3289 129
3290 134
3291 123
3292 140
3293 126
3294 111
3295 132
3296 137
3297 141
3298 115
3299 108
3300 107
3301 109
3302 132
3303 123
3304 95
3305 122
3306 130
3307 148
3308 136
3309 120
3310 119
3311 151
3312 128
3313 155
3314 130
3315 159
3316 146
3317 150
3318 119
3319 159
3320 169
3321 121
3322 134
3323 126
3324 115
3325 99
3326 106
3327 104
3328 114
3329 146
3330 127
3331 138
3332 120
3333 143
3334 129
3335 136
3336 131
3337 148
3338 110
3339 144
3340 127
3341 102
3342 139
3343 105
3344 164
3345 137
3346 129
3347 134
3348 154
3349 107
3350 131
3351 131
3352 134
3353 133
3354 104
3355 115
3356 135
3357 117
3358 118
3359 120
3360 135
3361 118
3362 99
3363 144
3364 110
3365 118
3366 134
3367 79
3368 86
3369 108
3370 134
3371 147
3372 121
3373 119
3374 164
3375 106
3376 111
3377 114
3378 146
3379 144
3380 135
3381 127
3382 133
3383 117
3384 137
3385 137
3386 143
3387 102
3388 137
3389 117
3390 168
3391 143
3392 157
3393 135
3394 128
3395 98
3396 103
3397 94
3398 140
3399 172
3400 143
3401 139
3402 114
3403 130
3404 113
3405 112
3406 128
3407 129
3408 137
3409 115
3410 88
3411 120
3412 130
3413 124
3414 127
3415 133
3416 105
3417 125
3418 158
3419 125
3420 108
3421 150
3422 146
3423 121
3424 103
3425 124
3426 136
3427 144
3428 130
3429 134
3430 87
3431 117
3432 136
3433 113
3434 103
3435 122
3436 133
3437 126
3438 128
3439 143
3440 128
3441 140
3442 120
3443 144
3444 118
3445 121
3446 120
3447 125
3448 136
3449 102
3450 104
3451 130
3452 134
3453 126
3454 100
3455 126
3456 115
3457 127
3458 120
3459 161
3460 116
3461 118
3462 135
3463 132
3464 119
3465 144
3466 133
3467 117
3468 120
3469 145
3470 125
3471 125
3472 119
3473 130
3474 114
3475 128
3476 117
3477 124
3478 120
3479 136
3480 138
3481 135
3482 118
3483 122
3484 142
3485 98
3486 98
3487 139
3488 125
3489 164
3490 126
3491 134
3492 137
3493 84
3494 111
3495 138
3496 143
3497 145
3498 120
3499 117
3500 118
3501 144
3502 125
3503 115
3504 136
3505 116
3506 135
3507 110
3508 91
3509 93
3510 134
3511 116
3512 119
3513 129
3514 135
3515 129
3516 153
3517 111
3518 119
3519 126
3520 144
3521 123
3522 114
3523 132
3524 154
3525 125
3526 123
3527 142
3528 126
3529 142
3530 133
3531 129
3532 108
3533 115
3534 147
3535 153
3536 145
3537 123
3538 134
3539 130
3540 118
3541 139
3542 153
3543 132
3544 215
3545 133
3546 152
3547 107
3548 136
3549 148
3550 123
3551 128
3552 109
3553 153
3554 117
3555 129
3556 144
3557 149
3558 112
3559 103
3560 113
3561 115
3562 151
3563 127
3564 113
3565 118
3566 132
3567 114
3568 97
3569 143
3570 142
3571 114
3572 116
3573 120
3574 112
3575 115
3576 123
3577 122
3578 130
3579 128
3580 95
3581 112
3582 134
3583 149
3584 138
3585 107
3586 119
3587 112
3588 134
3589 117
3590 129
3591 133
3592 145
3593 113
3594 97
3595 129
3596 125
3597 116
3598 141
3599 136
3600 138
3601 126
3602 138
3603 138
3604 92
3605 108
3606 145
3607 162
3608 70
3609 151
3610 135
3611 130
3612 118
3613 121
3614 118
3615 143
3616 125
3617 118
3618 142
3619 127
3620 109
3621 110
3622 128
3623 117
3624 116
3625 127
3626 123
3627 133
3628 127
3629 128
3630 115
3631 115
3632 151
3633 114
3634 61
3635 112
3636 123
3637 137
3638 129
3639 123
3640 132
3641 169
3642 125
3643 123
3644 126
3645 134
3646 121
3647 117
3648 130
3649 104
3650 107
3651 133
3652 118
3653 102
3654 133
3655 94
3656 115
3657 130
3658 134
3659 153
3660 115
3661 118
3662 113
3663 116
3664 126
3665 110
3666 103
3667 113
3668 145
3669 106
3670 132
3671 174
3672 110
3673 142
3674 125
3675 141
3676 142
3677 129
3678 139
3679 133
3680 137
3681 94
3682 151
3683 116
3684 123
3685 136
3686 153
3687 135
3688 137
3689 92
3690 131
3691 144
3692 94
3693 112
3694 129
3695 138
3696 169
3697 131
3698 118
3699 155
3700 133
3701 102
3702 128
3703 93
3704 114
3705 110
3706 124
3707 124
3708 143
3709 113
3710 127
3711 130
3712 121
3713 157
3714 137
3715 147
3716 153
3717 135
3718 135
3719 149
3720 93
3721 126
3722 137
3723 155
3724 100
3725 131
3726 119
3727 103
3728 137
3729 107
3730 85
3731 119
3732 118
3733 114
3734 140
3735 89
3736 136
3737 139
3738 122
3739 134
3740 171
3741 114
3742 127
3743 122
3744 145
3745 120
3746 120
3747 145
3748 120
3749 122
3750 103
3751 132
3752 141
3753 102
3754 131
3755 119
3756 129
3757 136
3758 144
3759 171
3760 95
3761 145
3762 115
3763 134
3764 122
3765 176
3766 101
3767 131
3768 102
3769 123
3770 144
3771 128
3772 136
3773 97
3774 118
3775 97
3776 101
3777 146
3778 156
3779 115
3780 140
3781 117
3782 143
3783 156
3784 149
3785 83
3786 132
3787 113
3788 120
3789 123
3790 140
3791 124
3792 130
3793 129
3794 131
3795 137
3796 118
3797 120
3798 130
3799 154
3800 136
3801 139
3802 121
3803 145
3804 130
3805 153
3806 142
3807 96
3808 152
3809 121
3810 144
3811 113
3812 113
3813 147
3814 142
3815 112
3816 128
3817 127
3818 140
3819 114
3820 161
3821 126
3822 164
3823 145
3824 101
3825 155
3826 136
3827 134
3828 136
3829 129
3830 141
3831 129
3832 131
3833 129
3834 148
3835 128
3836 123
3837 168
3838 157
3839 147
3840 150
3841 121
3842 134
3843 134
3844 113
3845 138
3846 158
3847 113
3848 111
3849 136
3850 93
3851 115
3852 150
3853 121
3854 124
3855 125
3856 118
3857 136
3858 122
3859 102
3860 116
3861 103
3862 114
3863 131
3864 122
3865 131
3866 140
3867 131
3868 112
3869 152
3870 109
3871 115
3872 106
3873 105
3874 103
3875 141
3876 86
3877 109
3878 121
3879 161
3880 113
3881 104
3882 126
3883 148
3884 123
3885 155
3886 138
3887 135
3888 176
3889 142
3890 146
3891 140
3892 120
3893 127
3894 132
3895 128
3896 118
3897 137
3898 121
3899 135
3900 119
3901 144
3902 151
3903 109
3904 126
3905 105
3906 107
3907 123
3908 125
3909 130
3910 134
3911 146
3912 110
3913 106
3914 115
3915 143
3916 127
3917 124
3918 143
3919 108
3920 137
3921 179
3922 134
3923 90
3924 101
3925 121
3926 122
3927 119
3928 137
3929 92
3930 141
3931 87
3932 119
3933 108
3934 126
3935 119
3936 128
3937 93
3938 118
3939 88
3940 141
3941 136
3942 152
3943 140
3944 144
3945 117
3946 101
3947 124
3948 135
3949 108
3950 129
3951 100
3952 145
3953 141
3954 132
3955 143
3956 118
3957 126
3958 127
3959 99
3960 119
3961 120
3962 109
3963 137
3964 150
3965 124
3966 137
3967 105
3968 119
3969 121
3970 135
3971 138
3972 142
3973 91
3974 90
3975 143
3976 116
3977 123
3978 130
3979 137
3980 117
3981 127
3982 133
3983 132
3984 137
3985 152
3986 120
3987 110
3988 128
3989 128
3990 127
3991 147
3992 128
3993 155
3994 103
3995 106
3996 138
3997 152
3998 127
3999 134
4000 115
4001 150
4002 128
4003 122
4004 126
4005 107
4006 111
4007 137
4008 124
4009 130
4010 99
4011 105
4012 152
4013 123
4014 129
4015 134
4016 132
4017 120
4018 87
4019 100
4020 151
4021 135
4022 98
4023 107
4024 128
4025 119
4026 132
4027 108
4028 121
4029 142
4030 151
4031 118
4032 128
4033 126
4034 136
4035 141
4036 158
4037 129
4038 101
4039 133
4040 117
4041 109
4042 164
4043 140
4044 169
4045 129
4046 164
4047 131
4048 116
4049 158
4050 168
4051 138
4052 145
4053 101
4054 108
4055 116
4056 127
4057 141
4058 141
4059 104
4060 135
4061 119
4062 114
4063 123
4064 113
4065 156
4066 164
4067 135
4068 115
4069 118
4070 120
4071 133
4072 153
4073 127
4074 137
4075 128
4076 135
4077 158
4078 83
4079 102
4080 119
4081 119
4082 112
4083 149
4084 124
4085 103
4086 129
4087 115
4088 129
4089 96
4090 102
4091 134
4092 143
4093 145
4094 114
4095 124
4096 122
4097 107
4098 127
4099 140
4100 133
4101 135
4102 129
4103 132
4104 150
4105 157
4106 116
4107 99
4108 125
4109 127
4110 142
4111 149
4112 137
4113 144
4114 124
4115 147
4116 114
4117 180
4118 120
4119 124
4120 111
4121 120
4122 132
4123 164
4124 116
4125 82
4126 94
4127 117
4128 128
4129 125
4130 124
4131 113
4132 141
4133 135
4134 142
4135 121
4136 139
4137 161
4138 115
4139 142
4140 148
4141 138
4142 160
4143 137
4144 145
4145 124
4146 117
4147 105
4148 134
4149 119
4150 155
4151 133
4152 145
4153 121
4154 148
4155 104
4156 113
4157 124
4158 116
4159 119
4160 136
4161 150
4162 144
4163 105
4164 134
4165 132
4166 86
4167 114
4168 150
4169 117
4170 98
4171 124
4172 128
4173 144
4174 124
4175 130
4176 132
4177 134
4178 126
4179 124
4180 127
4181 106
4182 165
4183 116
4184 138
4185 116
4186 141
4187 126
4188 152
4189 119
4190 134
4191 115
4192 127
4193 95
4194 116
4195 151
4196 142
4197 118
4198 137
4199 116
4200 125
4201 121
4202 124
4203 103
4204 134
4205 107
4206 132
4207 150
4208 139
4209 130
4210 95
4211 137
4212 141
4213 94
4214 110
4215 141
4216 119
4217 140
4218 130
4219 146
4220 111
4221 129
4222 133
4223 129
4224 131
4225 120
4226 133
4227 113
4228 145
4229 151
4230 152
4231 117
4232 100
4233 130
4234 105
4235 117
4236 123
4237 96
4238 129
4239 148
4240 153
4241 111
4242 128
4243 110
4244 129
4245 136
4246 84
4247 104
4248 117
4249 136
4250 139
4251 111
4252 127
4253 132
4254 118
4255 112
4256 121
4257 133
4258 149
4259 138
4260 157
4261 107
4262 130
4263 109
4264 118
4265 139
4266 119
4267 122
4268 101
4269 139
4270 133
4271 125
4272 138
4273 106
4274 108
4275 105
4276 138
4277 120
4278 126
4279 143
4280 104
4281 89
4282 88
4283 138
4284 132
4285 125
4286 127
4287 123
4288 130
4289 105
4290 128
4291 99
4292 133
4293 129
4294 134
4295 119
4296 150
4297 144
4298 120
4299 118
4300 104
4301 124
4302 93
4303 69
4304 112
4305 154
4306 126
4307 129
4308 140
4309 148
4310 111
4311 126
4312 124
4313 155
4314 150
4315 141
4316 131
4317 106
4318 117
4319 100
4320 145
4321 155
4322 153
4323 125
4324 83
4325 124
4326 123
4327 133
4328 110
4329 119
4330 126
4331 105
4332 125
4333 156
4334 130
4335 144
4336 128
4337 131
4338 118
4339 144
4340 137
4341 119
4342 136
4343 148
4344 111
4345 116
4346 123
4347 121
4348 157
4349 130
4350 146
4351 113
4352 73
4353 136
4354 108
4355 113
4356 102
4357 134
4358 122
4359 131
4360 131
4361 106
4362 148
4363 121
4364 88
4365 110
4366 132
4367 101
4368 119
4369 144
4370 133
4371 147
4372 131
4373 92
4374 106
4375 109
4376 120
4377 130
4378 123
4379 149
4380 124
4381 129
4382 137
4383 135
4384 150
4385 129
4386 140
4387 112
4388 150
4389 112
4390 152
4391 152
4392 131
4393 124
4394 130
4395 141
4396 107
4397 123
4398 94
4399 123
4400 134
4401 97
4402 135
4403 149
4404 138
4405 165
4406 128
4407 139
4408 132
4409 122
4410 90
4411 99
4412 131
4413 123
4414 126
4415 121
4416 130
4417 108
4418 140
4419 146
4420 123
4421 114
4422 126
4423 140
4424 130
4425 135
4426 119
4427 140
4428 144
4429 118
4430 83
4431 121
4432 130
4433 138
4434 151
4435 148
4436 119
4437 137
4438 150
4439 108
4440 100
4441 83
4442 128
4443 126
4444 167
4445 124
4446 136
4447 129
4448 125
4449 151
4450 120
4451 112
4452 97
4453 124
4454 97
4455 117
4456 121
4457 130
4458 139
4459 126
4460 151
4461 107
4462 102
4463 127
4464 94
4465 105
4466 141
4467 149
4468 137
4469 167
4470 152
4471 137
4472 149
4473 116
4474 86
4475 89
4476 114
4477 123
4478 125
4479 120
4480 124
4481 138
4482 134
4483 133
4484 186
4485 133
4486 125
4487 166
4488 106
4489 117
4490 144
4491 111
4492 123
4493 136
4494 128
4495 129
4496 145
4497 140
4498 104
4499 130
4500 151
4501 111
4502 134
4503 127
4504 119
4505 155
4506 123
4507 146
4508 146
4509 131
4510 134
4511 115
4512 100
4513 140
4514 149
4515 158
4516 100
4517 124
4518 120
4519 148
4520 118
4521 120
4522 138
4523 121
4524 111
4525 142
4526 158
4527 110
4528 147
4529 136
4530 131
4531 101
4532 132
4533 120
4534 122
4535 112
4536 166
4537 112
4538 137
4539 126
4540 125
4541 116
4542 125
4543 98
4544 124
4545 130
4546 108
4547 126
4548 129
4549 110
4550 119
4551 144
4552 98
4553 106
4554 126
4555 139
4556 107
4557 122
4558 140
4559 101
4560 125
4561 132
4562 134
4563 130
4564 126
4565 123
4566 139
4567 113
4568 88
4569 101
4570 130
4571 144
4572 137
4573 124
4574 131
4575 150
4576 147
4577 131
4578 99
4579 138
4580 144
4581 126
4582 132
4583 92
4584 118
4585 163
4586 121
4587 126
4588 128
4589 135
4590 136
4591 147
4592 143
4593 137
4594 131
4595 139
4596 137
4597 116
4598 118
4599 130
4600 141
4601 154
4602 110
4603 168
4604 129
4605 215
4606 149
4607 102
4608 104
4609 112
4610 135
4611 130
4612 130
4613 121
4614 125
4615 131
4616 117
4617 149
4618 122
4619 123
4620 119
4621 126
4622 143
4623 94
4624 140
4625 122
4626 129
4627 137
4628 144
4629 133
4630 137
4631 149
4632 146
4633 129
4634 156
4635 137
4636 129
4637 149
4638 146
4639 104
4640 108
4641 125
4642 128
4643 143
4644 128
4645 128
4646 114
4647 128
4648 126
4649 140
4650 130
4651 133
4652 113
4653 112
4654 122
4655 129
4656 145
4657 124
4658 120
4659 154
4660 139
4661 143
4662 122
4663 98
4664 134
4665 129
4666 128
4667 143
4668 148
4669 120
4670 111
4671 126
4672 95
4673 112
4674 94
4675 111
4676 124
4677 131
4678 153
4679 162
4680 79
4681 97
4682 101
4683 126
4684 115
4685 124
4686 103
4687 111
4688 110
4689 120
4690 139
4691 118
4692 109
4693 110
4694 137
4695 134
4696 118
4697 131
4698 140
4699 140
4700 119
4701 111
4702 137
4703 156
4704 149
4705 109
4706 106
4707 142
4708 127
4709 152
4710 130
4711 144
4712 129
4713 140
4714 132
4715 73
4716 140
4717 140
4718 106
4719 115
4720 129
4721 157
4722 131
4723 139
4724 109
4725 132
4726 133
4727 152
4728 131
4729 102
4730 141
4731 149
4732 138
4733 155
4734 123
4735 104
4736 121
4737 129
4738 119
4739 178
4740 107
4741 126
4742 113
4743 107
4744 140
4745 100
4746 118
4747 117
4748 128
4749 153
4750 141
4751 88
4752 172
4753 85
4754 141
4755 172
4756 149
4757 121
4758 134
4759 125
4760 147
4761 133
4762 162
4763 158
4764 163
4765 122
4766 162
4767 92
4768 138
4769 101
4770 123
4771 126
4772 125
4773 159
4774 138
4775 125
4776 137
4777 129
4778 144
4779 174
4780 117
4781 121
4782 132
4783 134
4784 105
4785 110
4786 91
4787 122
4788 139
4789 103
4790 133
4791 100
4792 106
4793 109
4794 117
4795 127
4796 116
4797 119
4798 108
4799 160
4800 129
4801 157
4802 123
4803 115
4804 123
4805 110
4806 129
4807 143
4808 118
4809 121
4810 143
4811 123
4812 136
4813 81
4814 151
4815 140
4816 117
4817 111
4818 110
4819 107
4820 118
4821 122
4822 136
4823 116
4824 127
4825 130
4826 156
4827 135
4828 145
4829 133
4830 112
4831 121
4832 105
4833 89
4834 103
4835 116
4836 122
4837 135
4838 141
4839 118
4840 123
4841 137
4842 140
4843 137
4844 110
4845 113
4846 119
4847 149
4848 145
4849 101
4850 128
4851 133
4852 111
4853 115
4854 84
4855 136
4856 139
4857 135
4858 117
4859 159
4860 133
4861 139
4862 148
4863 113
4864 163
4865 123
4866 127
4867 100
4868 140
4869 131
4870 165
4871 137
4872 128
4873 91
4874 110
4875 128
4876 119
4877 139
4878 174
4879 132
4880 123
4881 143
4882 104
4883 112
4884 131
4885 104
4886 119
4887 118
4888 139
4889 150
4890 160
4891 140
4892 136
4893 103
4894 127
4895 153
4896 49
4897 68
4898 126
4899 130
4900 143
4901 124
4902 133
4903 120
4904 118
4905 110
4906 104
4907 130
4908 141
4909 126
4910 93
4911 109
4912 145
4913 140
4914 151
4915 145
4916 121
4917 188
4918 150
4919 74
4920 77
4921 97
4922 105
4923 124
4924 126
4925 134
4926 103
4927 104
4928 134
4929 117
4930 129
4931 173
4932 136
4933 147
4934 111
4935 125
4936 133
4937 129
4938 137
4939 111
4940 127
4941 108
4942 162
4943 127
4944 146
4945 121
4946 121
4947 123
4948 135
4949 136
4950 125
4951 148
4952 117
4953 129
4954 129
4955 116
4956 145
4957 133
4958 102
4959 135
4960 119
4961 129
4962 113
4963 140
4964 121
4965 135
4966 151
4967 164
4968 176
4969 115
4970 129
4971 149
4972 111
4973 118
4974 125
4975 132
4976 142
4977 136
4978 113
4979 130
4980 147
4981 118
4982 148
4983 122
4984 123
4985 125
4986 139
4987 134
4988 130
4989 131
4990 127
4991 143
4992 106
4993 127
4994 106
4995 147
4996 146
4997 117
4998 125
4999 148
5000 117
5001 125
5002 137
5003 117
5004 144
5005 97
5006 159
5007 114
5008 107
5009 122
5010 108
5011 110
5012 113
5013 93
5014 143
5015 130
5016 140
5017 106
5018 117
5019 119
5020 131
5021 136
5022 138
5023 129
5024 112
5025 136
5026 132
5027 137
5028 138
5029 123
5030 140
5031 152
5032 129
5033 111
5034 145
5035 136
5036 140
5037 122
5038 128
5039 133
5040 130
5041 134
5042 144
5043 156
5044 136
5045 145
5046 91
5047 117
5048 147
5049 81
5050 101
5051 143
5052 161
5053 182
5054 130
5055 145
5056 150
5057 104
5058 137
5059 143
5060 99
5061 120
5062 102
5063 139
5064 134
5065 127
5066 151
5067 169
5068 126
5069 124
5070 131
5071 132
5072 136
5073 130
5074 136
5075 135
5076 160
5077 154
5078 167
5079 125
5080 142
5081 88
5082 129
5083 103
5084 129
5085 140
5086 150
5087 169
5088 67
5089 102
5090 108
5091 113
5092 140
5093 120
5094 139
5095 137
5096 133
5097 119
5098 146
5099 134
5100 114
5101 138
5102 107
5103 135
5104 111
5105 95
5106 110
5107 130
5108 154
5109 107
5110 108
5111 107
5112 137
5113 118
5114 118
5115 123
5116 112
5117 135
5118 135
5119 111
5120 136
5121 129
5122 128
5123 145
5124 141
5125 121
5126 129
5127 112
5128 128
5129 136
5130 140
5131 125
5132 121
5133 149
5134 110
5135 123
5136 98
5137 95
5138 105
5139 135
5140 104
5141 109
5142 129
5143 130
5144 143
5145 138
5146 138
5147 120
5148 125
5149 153
5150 130
5151 135
5152 136
5153 106
5154 116
5155 72
5156 119
5157 108
5158 124
5159 151
5160 118
5161 127
5162 144
5163 118
5164 89
5165 106
5166 147
5167 124
5168 81
5169 137
5170 154
5171 146
5172 125
5173 118
5174 112
5175 125
5176 127
5177 92
5178 105
5179 108
5180 113
5181 101
5182 124
5183 125
5184 148
5185 116
5186 138
5187 125
5188 108
5189 114
5190 117
5191 121
5192 161
5193 96
5194 124
5195 116
5196 110
5197 132
5198 130
5199 112
5200 114
5201 127
5202 90
5203 107
5204 119
5205 128
5206 112
5207 122
5208 116
5209 84
5210 129
5211 125
5212 133
5213 134
5214 124
5215 142
5216 163
5217 127
5218 146
5219 117
5220 145
5221 175
5222 141
5223 98
5224 130
5225 139
5226 144
5227 134
5228 116
5229 118
5230 115
5231 140
5232 140
5233 107
5234 101
5235 128
5236 143
5237 131
5238 151
5239 136
5240 146
5241 129
5242 117
5243 134
5244 151
5245 126
5246 120
5247 129
5248 153
5249 140
5250 111
5251 104
5252 149
5253 103
5254 108
5255 128
5256 103
5257 115
5258 117
5259 131
5260 122
5261 137
5262 140
5263 129
5264 74
5265 94
5266 130
5267 129
5268 116
5269 104
5270 94
5271 105
5272 181
5273 117
5274 103
5275 114
5276 137
5277 133
5278 117
5279 132
5280 96
5281 128
5282 117
5283 128
5284 122
5285 133
5286 164
5287 121
5288 118
5289 176
5290 66
5291 90
5292 124
5293 139
5294 133
5295 99
5296 99
5297 129
5298 95
5299 127
5300 120
5301 168
5302 123
5303 119
5304 129
5305 118
5306 135
5307 112
5308 93
5309 101
5310 119
5311 143
5312 133
5313 105
5314 135
5315 141
5316 95
5317 129
5318 137
5319 130
5320 120
5321 111
5322 136
5323 120
5324 137
5325 139
5326 154
5327 143
5328 115
5329 127
5330 113
5331 108
5332 145
5333 131
5334 127
5335 120
5336 144
5337 161
5338 124
5339 139
5340 145
5341 146
5342 114
5343 143
5344 117
5345 144
5346 153
5347 166
5348 125
5349 122
5350 96
5351 137
5352 126
5353 106
5354 100
5355 151
5356 133
5357 114
5358 69
5359 119
5360 166
5361 126
5362 117
5363 132
5364 129
5365 130
5366 130
5367 91
5368 127
5369 135
5370 122
5371 132
5372 122
5373 132
5374 132
5375 124
5376 123
5377 152
5378 111
5379 107
5380 120
5381 116
5382 141
5383 154
5384 122
5385 133
5386 121
5387 113
5388 135
5389 122
5390 112
5391 110
5392 119
5393 91
5394 148
5395 153
5396 134
5397 105
5398 112
5399 120
5400 105
5401 115
5402 136
5403 134
5404 130
5405 117
5406 120
5407 129
5408 133
5409 117
5410 174
5411 127
5412 125
5413 125
5414 136
5415 146
5416 133
5417 126
5418 137
5419 129
5420 151
5421 114
5422 125
5423 131
5424 124
5425 136
5426 93
5427 123
5428 123
5429 92
5430 98
5431 154
5432 153
5433 119
5434 123
5435 137
5436 102
5437 152
5438 154
5439 118
5440 160
5441 106
5442 113
5443 126
5444 135
5445 103
5446 122
5447 93
5448 98
5449 107
5450 134
5451 123
5452 127
5453 163
5454 135
5455 137
5456 124
5457 108
5458 128
5459 149
5460 126
5461 79
5462 147
5463 123
5464 141
5465 125
5466 126
5467 131
5468 124
5469 138
5470 114
5471 132
5472 122
5473 179
5474 138
5475 142
5476 143
5477 130
5478 112
5479 125
5480 128
5481 111
5482 123
5483 118
5484 125
5485 134
5486 97
5487 102
5488 140
5489 154
5490 136
5491 125
5492 130
5493 124
5494 117
5495 124
5496 135
5497 155
5498 83
5499 106
5500 157
5501 97
5502 151
5503 107
5504 111
5505 126
5506 104
5507 115
5508 115
5509 140
5510 117
5511 137
5512 141
5513 123
5514 125
5515 107
5516 109
5517 127
5518 125
5519 154
5520 131
5521 111
5522 122
5523 114
5524 133
5525 127
5526 107
5527 108
5528 132
5529 142
5530 109
5531 115
5532 118
5533 182
5534 137
5535 125
5536 116
5537 117
5538 115
5539 179
5540 154
5541 134
5542 134
5543 123
5544 78
5545 116
5546 109
5547 132
5548 117
5549 125
5550 109
5551 143
5552 116
5553 138
5554 120
5555 139
5556 150
5557 142
5558 127
5559 121
5560 149
5561 166
5562 169
5563 114
5564 114
5565 106
5566 103
5567 110
5568 162
5569 132
5570 138
5571 135
5572 123
5573 96
5574 104
5575 113
5576 99
5577 125
5578 130
5579 122
5580 129
5581 114
5582 124
5583 122
5584 121
5585 154
5586 104
5587 124
5588 131
5589 135
5590 135
5591 96
5592 117
5593 131
5594 153
5595 112
5596 115
5597 125
5598 124
5599 121
5600 126
5601 121
5602 137
5603 126
5604 122
5605 104
5606 128
5607 123
5608 102
5609 117
5610 125
5611 139
5612 116
5613 107
5614 123
5615 129
5616 163
5617 155
5618 124
5619 128
5620 141
5621 110
5622 111
5623 112
5624 147
5625 128
5626 121
5627 131
5628 147
5629 170
5630 122
5631 125
5632 120
5633 106
5634 135
5635 123
5636 126
5637 137
5638 107
5639 124
5640 122
5641 158
5642 124
5643 124
5644 75
5645 137
5646 129
5647 118
5648 117
5649 116
5650 130
5651 122
5652 154
5653 97
5654 102
5655 134
5656 121
5657 138
5658 118
5659 124
5660 121
5661 128
5662 126
5663 141
5664 152
5665 122
5666 132
5667 143
5668 96
5669 126
5670 134
5671 141
5672 123
5673 207
5674 151
5675 147
5676 132
5677 150
5678 132
5679 123
5680 122
5681 121
5682 150
5683 145
5684 118
5685 131
5686 135
5687 120
5688 127
5689 131
5690 134
5691 140
5692 168
5693 131
5694 105
5695 127
5696 142
5697 109
5698 115
5699 118
5700 115
5701 126
5702 118
5703 120
5704 155
5705 122
5706 107
5707 125
5708 95
5709 127
5710 151
5711 111
5712 123
5713 111
5714 122
5715 115
5716 146
5717 167
5718 119
5719 130
5720 106
5721 121
5722 154
5723 154
5724 121
5725 121
5726 126
5727 115
5728 133
5729 123
5730 125
5731 135
5732 179
5733 135
5734 118
5735 120
5736 136
5737 126
5738 151
5739 136
5740 137
5741 86
5742 137
5743 105
5744 130
5745 140
5746 132
5747 100
5748 113
5749 137
5750 138
5751 149
5752 130
5753 138
5754 145
5755 126
5756 127
5757 108
5758 118
5759 120
5760 128
5761 146
5762 173
5763 156
5764 136
5765 147
5766 138
5767 137
5768 119
5769 126
5770 137
5771 121
5772 148
5773 125
5774 114
5775 116
5776 122
5777 107
5778 121
5779 133
5780 127
5781 67
5782 141
5783 123
5784 129
5785 120
5786 167
5787 147
5788 111
5789 115
5790 122
5791 106
5792 125
5793 144
5794 107
5795 135
5796 125
5797 112
5798 122
5799 117
5800 107
5801 109
5802 128
5803 116
5804 103
5805 106
5806 177
5807 127
5808 117
5809 165
5810 137
5811 107
5812 156
5813 127
5814 117
5815 134
5816 106
5817 147
5818 146
5819 122
5820 121
5821 126
5822 101
5823 107
5824 121
5825 141
5826 106
5827 135
5828 132
5829 120
5830 103
5831 119
5832 120
5833 126
5834 176
5835 137
5836 128
5837 114
5838 145
5839 93
5840 116
5841 136
5842 140
5843 114
5844 159
5845 129
5846 128
5847 76
5848 119
5849 118
5850 152
5851 114
5852 140
5853 116
5854 120
5855 162
5856 120
5857 126
5858 138
5859 121
5860 133
5861 138
5862 132
5863 151
5864 107
5865 125
5866 127
5867 154
5868 114
5869 188
5870 143
5871 105
5872 151
5873 160
5874 141
5875 138
5876 140
5877 108
5878 162
5879 112
5880 116
5881 117
5882 117
5883 116
5884 131
5885 125
5886 132
5887 138
5888 114
5889 121
5890 134
5891 119
5892 132
5893 116
5894 110
5895 128
5896 163
5897 134
5898 137
5899 151
5900 87
5901 143
5902 106
5903 136
5904 120
5905 136
5906 134
5907 118
5908 138
5909 129
5910 187
5911 102
5912 112
5913 126
5914 162
5915 96
5916 89
5917 115
5918 126
5919 140
5920 136
5921 142
5922 119
5923 118
5924 116
5925 128
5926 151
5927 97
5928 101
5929 124
5930 96
5931 165
5932 117
5933 140
5934 145
5935 100
5936 117
5937 135
5938 139
5939 157
5940 148
5941 116
5942 135
5943 131
5944 128
5945 115
5946 113
5947 143
5948 132
5949 111
5950 155
5951 114
5952 136
5953 101
5954 103
5955 138
5956 125
5957 130
5958 127
5959 129
5960 146
5961 111
5962 134
5963 119
5964 139
5965 114
5966 105
5967 123
5968 155
5969 132
5970 116
5971 138
5972 105
5973 125
5974 106
5975 107
5976 122
5977 135
5978 161
5979 121
5980 134
5981 113
5982 132
5983 121
5984 128
5985 126
5986 122
5987 144
5988 145
5989 145
5990 137
5991 161
5992 132
5993 137
5994 118
5995 131
5996 131
5997 161
5998 119
5999 136
6000 122
6001 130
6002 131
6003 106
6004 131
6005 150
6006 150
6007 133
6008 152
6009 133
6010 143
6011 149
6012 138
6013 104
6014 129
6015 131
6016 136
6017 127
6018 111
6019 153
6020 117
6021 142
6022 130
6023 130
6024 114
6025 136
6026 133
6027 151
6028 106
6029 118
6030 121
6031 98
6032 97
6033 189
6034 136
6035 117
6036 129
6037 138
6038 142
6039 153
6040 93
6041 101
6042 116
6043 135
6044 113
6045 115
6046 121
6047 122
6048 127
6049 140
6050 97
6051 122
6052 129
6053 103
6054 151
6055 98
6056 151
6057 112
6058 127
6059 136
6060 128
6061 140
6062 131
6063 118
6064 158
6065 136
6066 129
6067 126
6068 111
6069 121
6070 118
6071 99
6072 127
6073 95
6074 98
6075 99
6076 117
6077 119
6078 145
6079 120
6080 110
6081 144
6082 126
6083 120
6084 143
6085 105
6086 113
6087 123
6088 125
6089 163
6090 91
6091 131
6092 110
6093 117
6094 168
6095 134
6096 133
6097 118
6098 149
6099 158
6100 141
6101 118
6102 116
6103 128
6104 119
6105 129
6106 137
6107 129
6108 152
6109 127
6110 122
6111 144
6112 100
6113 178
6114 128
6115 159
6116 128
6117 120
6118 153
6119 124
6120 121
6121 135
6122 117
6123 120
6124 128
6125 131
6126 107
6127 151
6128 168
6129 138
6130 134
6131 137
6132 182
6133 135
6134 133
6135 95
6136 122
6137 136
6138 148
6139 131
6140 127
6141 102
6142 122
6143 117
6144 132
6145 142
6146 117
6147 129
6148 84
6149 146
6150 134
6151 79
6152 124
6153 117
6154 122
6155 118
6156 101
6157 116
6158 121
6159 94
6160 146
6161 132
6162 149
6163 149
6164 176
6165 113
6166 119
6167 109
6168 116
6169 126
6170 139
6171 118
6172 118
6173 116
6174 153
6175 109
6176 126
6177 131
6178 112
6179 142
6180 141
6181 105
6182 128
6183 127
6184 128
6185 109
6186 134
6187 132
6188 167
6189 130
6190 150
6191 121
6192 130
6193 135
6194 153
6195 140
6196 133
6197 93
6198 115
6199 136
6200 125
6201 147
6202 124
6203 143
6204 142
6205 109
6206 111
6207 138
6208 92
6209 116
6210 113
6211 125
6212 133
6213 123
6214 125
6215 120
6216 120
6217 122
6218 172
6219 142
6220 110
6221 120
6222 114
6223 125
6224 117
6225 130
6226 146
6227 124
6228 119
6229 114
6230 169
6231 132
6232 118
6233 153
6234 135
6235 115
6236 80
6237 134
6238 120
6239 123
6240 143
6241 117
6242 99
6243 112
6244 114
6245 132
6246 138
6247 118
6248 118
6249 116
6250 119
6251 121
6252 126
6253 135
6254 159
6255 158
6256 138
6257 149
6258 135
6259 70
6260 138
6261 146
6262 145
6263 113
6264 120
6265 122
6266 134
6267 127
6268 132
6269 109
6270 114
6271 119
6272 126
6273 120
6274 108
6275 140
6276 126
6277 128
6278 120
6279 160
6280 141
6281 116
6282 116
6283 136
6284 132
6285 160
6286 131
6287 161
6288 139
6289 154
6290 119
6291 110
6292 116
6293 125
6294 127
6295 118
6296 117
6297 127
6298 134
6299 132
6300 133
6301 137
6302 153
6303 148
6304 119
6305 118
6306 136
6307 141
6308 82
6309 121
6310 145
6311 117
6312 102
6313 138
6314 155
6315 108
6316 124
6317 142
6318 143
6319 133
6320 142
6321 158
6322 160
6323 118
6324 131
6325 159
6326 146
6327 132
6328 139
6329 125
6330 96
6331 104
6332 113
6333 124
6334 130
6335 128
6336 110
6337 75
6338 128
6339 121
6340 130
6341 106
6342 137
6343 124
6344 138
6345 147
6346 168
6347 125
6348 109
6349 114
6350 127
6351 128
6352 128
6353 121
6354 133
6355 112
6356 122
6357 111
6358 124
6359 117
6360 123
6361 197
6362 130
6363 137
6364 136
6365 142
6366 126
6367 130
6368 113
6369 128
6370 126
6371 138
6372 134
6373 150
6374 131
6375 124
6376 167
6377 136
6378 110
6379 133
6380 142
6381 145
6382 133
6383 171
6384 119
6385 135
6386 126
6387 139
6388 127
6389 130
6390 97
6391 142
6392 122
6393 128
6394 127
6395 199
6396 127
6397 146
6398 126
6399 133
6400 142
6401 128
6402 135
6403 130
6404 144
6405 129
6406 131
6407 124
6408 89
6409 124
6410 114
6411 119
6412 127
6413 149
6414 126
6415 109
6416 142
6417 117
6418 115
6419 119
6420 132
6421 108
6422 131
6423 169
6424 129
6425 118
6426 128
6427 125
6428 124
6429 112
6430 109
6431 150
6432 120
6433 129
6434 140
6435 146
6436 126
6437 110
6438 124
6439 119
6440 134
6441 140
6442 121
6443 132
6444 97
6445 162
6446 131
6447 130
6448 156
6449 81
6450 144
6451 124
6452 118
6453 131
6454 116
6455 110
6456 119
6457 117
6458 132
6459 109
6460 122
6461 125
6462 101
6463 141
6464 93
6465 96
6466 115
6467 106
6468 132
6469 139
6470 120
6471 128
6472 135
6473 155
6474 135
6475 99
6476 120
6477 126
6478 127
6479 126
6480 130
6481 115
6482 126
6483 105
6484 117
6485 114
6486 152
6487 125
6488 109
6489 123
6490 127
6491 125
6492 112
6493 148
6494 145
6495 119
6496 94
6497 133
6498 143
6499 129
6500 112
6501 138
6502 128
6503 116
6504 161
6505 127
6506 122
6507 120
6508 125
6509 96
6510 127
6511 139
6512 118
6513 139
6514 163
6515 123
6516 122
6517 128
6518 141
6519 128
6520 141
6521 117
6522 130
6523 110
6524 126
6525 108
6526 97
6527 136
6528 162
6529 152
6530 114
6531 117
6532 124
6533 137
6534 152
6535 174
6536 145
6537 132
6538 115
6539 128
6540 132
6541 133
6542 157
6543 155
6544 101
6545 153
6546 149
6547 132
6548 173
6549 141
6550 128
6551 122
6552 119
6553 129
6554 116
6555 103
6556 107
6557 119
6558 132
6559 123
6560 117
6561 107
6562 108
6563 140
6564 152
6565 135
6566 170
6567 139
6568 146
6569 121
6570 133
6571 55
6572 61
6573 132
6574 131
6575 119
6576 187
6577 112
6578 156
6579 133
6580 125
6581 168
6582 116
6583 120
6584 129
6585 107
6586 149
6587 164
6588 113
6589 129
6590 119
6591 132
6592 118
6593 120
6594 102
6595 142
6596 134
6597 162
6598 142
6599 144
6600 124
6601 125
6602 121
6603 146
6604 110
6605 137
6606 126
6607 145
6608 118
6609 131
6610 101
6611 119
6612 129
6613 159
6614 150
6615 139
6616 129
6617 131
6618 117
6619 103
6620 121
6621 142
6622 174
6623 104
6624 144
6625 134
6626 132
6627 125
6628 121
6629 120
6630 142
6631 102
6632 130
6633 98
6634 127
6635 143
6636 133
6637 124
6638 146
6639 133
6640 127
6641 117
6642 130
6643 118
6644 116
6645 127
6646 141
6647 145
6648 118
6649 132
6650 139
6651 117
6652 126
6653 125
6654 132
6655 85
6656 122
6657 103
6658 111
6659 132
6660 119
6661 163
6662 137
6663 147
6664 130
6665 116
6666 120
6667 101
6668 136
6669 127
6670 129
6671 124
6672 134
6673 108
6674 122
6675 152
6676 96
6677 140
6678 115
6679 120
6680 144
6681 113
6682 120
6683 122
6684 126
6685 132
6686 139
6687 118
6688 127
6689 115
6690 158
6691 166
6692 161
6693 134
6694 147
6695 140
6696 143
6697 160
6698 126
6699 109
6700 137
6701 122
6702 126
6703 151
6704 123
6705 117
6706 135
6707 127
6708 114
6709 105
6710 134
6711 127
6712 117
6713 138
6714 85
6715 139
6716 127
6717 132
6718 149
6719 116
6720 130
6721 117
6722 128
6723 115
6724 128
6725 158
6726 111
6727 126
6728 125
6729 146
6730 121
6731 116
6732 95
6733 109
6734 131
6735 167
6736 120
6737 126
6738 129
6739 117
6740 133
6741 116
6742 124
6743 141
6744 99
6745 88
6746 177
6747 110
6748 111
6749 130
6750 122
6751 135
6752 97
6753 110
6754 168
6755 149
6756 127
6757 111
6758 127
6759 119
6760 124
6761 105
6762 120
6763 125
6764 123
6765 117
6766 151
6767 142
6768 146
6769 118
6770 121
6771 141
6772 165
6773 120
6774 132
6775 133
6776 78
6777 112
6778 135
6779 151
6780 80
6781 107
6782 123
6783 139
6784 121
6785 122
6786 130
6787 113
6788 114
6789 78
6790 96
6791 133
6792 137
6793 101
6794 112
6795 131
6796 142
6797 122
6798 145
6799 99
6800 124
6801 108
6802 143
6803 109
6804 114
6805 141
6806 132
6807 83
6808 101
6809 106
6810 101
6811 105
6812 142
6813 138
6814 133
6815 134
6816 156
6817 142
6818 112
6819 139
6820 116
6821 115
6822 127
6823 101
6824 111
6825 137
6826 119
6827 130
6828 52
6829 97
6830 105
6831 135
6832 119
6833 128
6834 137
6835 124
6836 101
6837 98
6838 138
6839 133
6840 141
6841 123
6842 133
6843 126
6844 154
6845 127
6846 130
6847 141
6848 122
6849 106
6850 148
6851 134
6852 134
6853 156
6854 135
6855 157
6856 115
6857 108
6858 122
6859 127
6860 108
6861 135
6862 143
6863 149
6864 134
6865 118
6866 133
6867 100
6868 125
6869 137
6870 109
6871 127
6872 139
6873 112
6874 156
6875 141
6876 122
6877 149
6878 109
6879 111
6880 126
6881 135
6882 138
6883 149
6884 168
6885 130
6886 128
6887 99
6888 108
6889 143
6890 128
6891 143
6892 113
6893 133
6894 138
6895 74
6896 160
6897 134
6898 134
6899 112
6900 126
6901 136
6902 108
6903 111
6904 121
6905 91
6906 112
6907 117
6908 124
6909 135
6910 113
6911 120
6912 128
6913 108
6914 108
6915 126
6916 111
6917 103
6918 138
6919 99
6920 125
6921 134
6922 124
6923 117
6924 128
6925 142
6926 126
6927 121
6928 132
6929 158
6930 120
6931 172
6932 116
6933 143
6934 128
6935 125
6936 128
6937 135
6938 121
6939 137
6940 165
6941 160
6942 132
6943 135
6944 128
6945 117
6946 133
6947 119
6948 119
6949 136
6950 130
6951 161
6952 105
6953 94
6954 121
6955 120
6956 146
6957 118
6958 109
6959 130
6960 137
6961 115
6962 158
6963 95
6964 110
6965 183
6966 114
6967 132
6968 103
6969 119
6970 94
6971 137
6972 137
6973 133
6974 136
6975 155
6976 100
6977 137
6978 133
6979 131
6980 136
6981 127
6982 135
6983 118
6984 133
6985 143
6986 152
6987 129
6988 123
6989 124
6990 145
6991 118
6992 164
6993 87
6994 96
6995 138
6996 129
6997 113
6998 105
6999 66
7000 92
7001 143
7002 130
7003 105
7004 103
7005 105
7006 114
7007 124
7008 95
7009 165
7010 63
7011 127
7012 131
7013 133
7014 128
7015 90
7016 118
7017 122
7018 122
7019 129
7020 143
7021 103
7022 115
7023 133
7024 81
7025 89
7026 99
7027 124
7028 141
7029 120
7030 146
7031 133
7032 135
7033 138
7034 172
7035 116
7036 117
7037 123
7038 133
7039 105
7040 143
7041 138
7042 110
7043 114
7044 146
7045 105
7046 106
7047 121
7048 138
7049 145
7050 139
7051 112
7052 125
7053 104
7054 118
7055 146
7056 116
7057 126
7058 89
7059 106
7060 103
7061 138
7062 128
7063 130
7064 108
7065 140
7066 119
7067 91
7068 124
7069 113
7070 172
7071 144
7072 126
7073 145
7074 138
7075 122
7076 134
7077 140
7078 148
7079 135
7080 138
7081 129
7082 103
7083 84
7084 127
7085 196
7086 125
7087 120
7088 107
7089 108
7090 160
7091 130
7092 143
7093 143
7094 144
7095 133
7096 94
7097 96
7098 124
7099 129
7100 128
7101 97
7102 125
7103 148
7104 131
7105 125
7106 121
7107 122
7108 126
7109 108
7110 133
7111 143
7112 122
7113 129
7114 78
7115 109
7116 125
7117 87
7118 104
7119 110
7120 151
7121 107
7122 120
7123 126
7124 149
7125 112
7126 132
7127 121
7128 108
7129 156
7130 121
7131 124
7132 77
7133 137
7134 120
7135 131
7136 132
7137 121
7138 109
7139 130
7140 120
7141 124
7142 128
7143 148
7144 111
7145 158
7146 109
7147 136
7148 125
7149 116
7150 174
7151 119
7152 129
7153 122
7154 129
7155 110
7156 110
7157 147
7158 109
7159 142
7160 152
7161 114
7162 109
7163 123
7164 186
7165 124
7166 137
7167 114
7168 161
7169 143
7170 150
7171 131
7172 126
7173 152
7174 130
7175 124
7176 133
7177 130
7178 131
7179 142
7180 114
7181 118
7182 126
7183 119
7184 128
7185 122
7186 139
7187 110
7188 144
7189 135
7190 127
7191 136
7192 125
7193 130
7194 121
7195 102
7196 141
7197 120
7198 58
7199 69
7200 94
7201 101
7202 132
7203 120
7204 146
7205 146
7206 158
7207 113
7208 114
7209 131
7210 113
7211 122
7212 139
7213 95
7214 148
7215 112
7216 170
7217 142
7218 141
7219 102
7220 120
7221 108
7222 100
7223 144
7224 144
7225 142
7226 125
7227 144
7228 107
7229 146
7230 135
7231 131
7232 128
7233 126
7234 111
7235 132
7236 103
7237 135
7238 84
7239 102
7240 103
7241 131
7242 153
7243 85
7244 120
7245 134
7246 90
7247 147
7248 126
7249 115
7250 99
7251 148
7252 148
7253 131
7254 120
7255 124
7256 146
7257 110
7258 101
7259 102
7260 144
7261 115
7262 125
7263 109
7264 168
7265 153
7266 107
7267 126
7268 134
7269 124
7270 128
7271 97
7272 133
7273 125
7274 141
7275 125
7276 139
7277 120
7278 123
7279 98
7280 148
7281 104
7282 118
7283 140
7284 141
7285 111
7286 136
7287 136
7288 142
7289 96
7290 131
7291 125
7292 125
7293 129
7294 142
7295 102
7296 113
7297 152
7298 149
7299 94
7300 127
7301 150
7302 110
7303 98
7304 115
7305 139
7306 144
7307 147
7308 148
7309 131
7310 143
7311 139
7312 125
7313 44
7314 104
7315 100
7316 168
7317 138
7318 144
7319 157
7320 102
7321 114
7322 113
7323 111
7324 111
7325 144
7326 106
7327 141
7328 135
7329 99
7330 127
7331 136
7332 119
7333 114
7334 98
7335 135
7336 112
7337 142
7338 77
7339 149
7340 103
7341 135
7342 123
7343 124
7344 173
7345 145
7346 128
7347 113
7348 150
7349 142
7350 144
7351 147
7352 120
7353 139
7354 124
7355 120
7356 131
7357 171
7358 128
7359 100
7360 105
7361 119
7362 90
7363 117
7364 123
7365 108
7366 98
7367 113
7368 165
7369 123
7370 131
7371 128
7372 148
7373 125
7374 119
7375 134
7376 128
7377 141
7378 95
7379 155
7380 149
7381 130
7382 127
7383 131
7384 43
7385 48
7386 85
7387 120
7388 148
7389 121
7390 127
7391 118
7392 127
7393 115
7394 120
7395 118
7396 126
7397 125
7398 133
7399 134
7400 92
7401 104
7402 150
7403 123
7404 165
7405 156
7406 148
7407 155
7408 160
7409 136
7410 126
7411 152
7412 135
7413 119
7414 89
7415 142
7416 130
7417 135
7418 127
7419 122
7420 129
7421 143
7422 145
7423 98
7424 158
7425 149
7426 140
7427 122
7428 136
7429 128
7430 134
7431 124
7432 123
7433 143
7434 131
7435 145
7436 128
7437 137
7438 100
7439 107
7440 130
7441 150
7442 120
7443 120
7444 140
7445 157
7446 146
7447 121
7448 144
7449 144
7450 146
7451 128
7452 123
7453 108
7454 139
7455 134
7456 129
7457 127
7458 123
7459 114
7460 141
7461 90
7462 95
7463 112
7464 123
7465 119
7466 119
7467 124
7468 154
7469 135
7470 146
7471 125
7472 154
7473 79
7474 111
7475 113
7476 100
7477 121
7478 128
7479 97
7480 103
7481 128
7482 103
7483 129
7484 116
7485 131
7486 140
7487 75
7488 125
7489 129
7490 116
7491 60
7492 141
7493 141
7494 147
7495 149
7496 162
7497 130
7498 124
7499 141
7500 136
7501 118
7502 137
7503 153
7504 126
7505 118
7506 120
7507 155
7508 129
7509 140
7510 109
7511 110
7512 133
7513 93
7514 124
7515 108
7516 113
7517 148
7518 97
7519 100
7520 120
7521 119
7522 124
7523 118
7524 135
7525 119
7526 103
7527 107
7528 111
7529 120
7530 119
7531 133
7532 152
7533 153
7534 104
7535 118
7536 82
7537 110
7538 143
7539 116
7540 105
7541 117
7542 124
7543 167
7544 125
7545 122
7546 90
7547 113
7548 134
7549 98
7550 139
7551 119
7552 147
7553 98
7554 158
7555 136
7556 135
7557 119
7558 148
7559 139
7560 122
7561 118
7562 146
7563 102
7564 134
7565 131
7566 138
7567 145
7568 129
7569 124
7570 106
7571 120
7572 138
7573 136
7574 133
7575 151
7576 136
7577 137
7578 124
7579 109
7580 126
7581 157
7582 107
7583 133
7584 137
7585 118
7586 109
7587 111
7588 124
7589 132
7590 136
7591 106
7592 93
7593 119
7594 98
7595 130
7596 133
7597 102
7598 109
7599 163
7600 139
7601 133
7602 136
7603 124
7604 109
7605 118
7606 131
7607 136
7608 141
7609 137
7610 139
7611 126
7612 125
7613 139
7614 129
7615 141
7616 156
7617 137
7618 133
7619 126
7620 105
7621 119
7622 150
7623 122
7624 123
7625 126
7626 119
7627 144
7628 161
7629 98
7630 112
7631 146
7632 103
7633 114
7634 133
7635 133
7636 128
7637 96
7638 105
7639 135
7640 118
7641 147
7642 134
7643 150
7644 114
7645 121
7646 140
7647 121
7648 150
7649 92
7650 123
7651 139
7652 130
7653 117
7654 67
7655 126
7656 128
7657 119
7658 142
7659 96
7660 97
7661 115
7662 126
7663 107
7664 88
7665 122
7666 122
7667 113
7668 137
7669 145
7670 107
7671 132
7672 143
7673 121
7674 138
7675 98
7676 122
7677 80
7678 96
7679 118
7680 153
7681 140
7682 120
7683 140
7684 136
7685 141
7686 161
7687 143
7688 130
7689 106
7690 113
7691 138
7692 146
7693 119
7694 108
7695 133
7696 164
7697 129
7698 117
7699 115
7700 117
7701 136
7702 141
7703 128
7704 116
7705 128
7706 117
7707 118
7708 123
7709 144
7710 106
7711 99
7712 116
7713 110
7714 119
7715 86
7716 124
7717 141
7718 140
7719 140
7720 115
7721 132
7722 135
7723 141
7724 134
7725 133
7726 130
7727 131
7728 131
7729 140
7730 134
7731 105
7732 123
7733 110
7734 123
7735 114
7736 133
7737 121
7738 113
7739 124
7740 151
7741 128
7742 124
7743 132
7744 119
7745 136
7746 145
7747 135
7748 157
7749 114
7750 112
7751 127
7752 123
7753 163
7754 136
7755 170
7756 116
7757 148
7758 91
7759 146
7760 107
7761 113
7762 116
7763 143
7764 124
7765 149
7766 153
7767 133
7768 118
7769 123
7770 125
7771 127
7772 153
7773 142
7774 116
7775 117
7776 143
7777 132
7778 125
7779 126
7780 125
7781 125
7782 122
7783 115
7784 134
7785 104
7786 125
7787 123
7788 125
7789 138
7790 112
7791 109
7792 107
7793 96
7794 124
7795 145
7796 144
7797 132
7798 140
7799 128
7800 121
7801 138
7802 120
7803 126
7804 126
7805 124
7806 92
7807 112
7808 123
7809 97
7810 148
7811 141
7812 131
7813 150
7814 124
7815 189
7816 155
7817 120
7818 148
7819 128
7820 146
7821 139
7822 131
7823 140
7824 126
7825 144
7826 141
7827 143
7828 125
7829 120
7830 137
7831 133
7832 82
7833 130
7834 150
7835 120
7836 137
7837 115
7838 119
7839 114
7840 145
7841 136
7842 112
7843 122
7844 115
7845 143
7846 139
7847 109
7848 111
7849 141
7850 120
7851 138
7852 91
7853 74
7854 136
7855 126
7856 138
7857 107
7858 142
7859 118
7860 136
7861 135
7862 128
7863 137
7864 130
7865 135
7866 125
7867 106
7868 98
7869 139
7870 144
7871 116
7872 118
7873 173
7874 136
7875 141
7876 108
7877 110
7878 119
7879 124
7880 148
7881 131
7882 126
7883 127
7884 128
7885 134
7886 119
7887 131
7888 133
7889 119
7890 114
7891 131
7892 124
7893 123
7894 135
7895 118
7896 119
7897 101
7898 111
7899 133
7900 134
7901 116
7902 95
7903 136
7904 93
7905 117
7906 124
7907 133
7908 146
7909 117
7910 124
7911 153
7912 88
7913 131
7914 123
7915 128
7916 134
7917 121
7918 112
7919 133
7920 110
7921 94
7922 125
7923 110
7924 127
7925 115
7926 105
7927 124
7928 129
7929 118
7930 142
7931 144
7932 102
7933 132
7934 141
7935 120
7936 145
7937 127
7938 126
7939 145
7940 72
7941 118
7942 137
7943 113
7944 117
7945 100
7946 122
7947 136
7948 125
7949 137
7950 135
7951 131
7952 111
7953 102
7954 99
7955 119
7956 120
7957 141
7958 135
7959 129
7960 127
7961 105
7962 101
7963 136
7964 140
7965 97
7966 140
7967 132
7968 135
7969 138
7970 126
7971 153
7972 106
7973 152
7974 102
7975 110
7976 128
7977 132
7978 126
7979 125
7980 117
7981 125
7982 146
7983 104
7984 127
7985 147
7986 124
7987 96
7988 99
7989 116
7990 119
7991 131
7992 169
7993 132
7994 125
7995 139
7996 146
7997 113
7998 132
7999 153
8000 123
8001 135
8002 111
8003 127
8004 88
8005 149
8006 115
8007 132
8008 116
8009 101
8010 112
8011 127
8012 132
8013 147
8014 157
8015 110
8016 110
8017 119
8018 133
8019 142
8020 140
8021 115
8022 154
8023 90
8024 133
8025 114
8026 142
8027 127
8028 114
8029 123
8030 160
8031 125
8032 128
8033 135
8034 119
8035 142
8036 132
8037 145
8038 142
8039 117
8040 145
8041 117
8042 146
8043 144
8044 129
8045 127
8046 121
8047 108
8048 114
8049 123
8050 96
8051 163
8052 131
8053 146
8054 144
8055 188
8056 173
8057 125
8058 127
8059 129
8060 107
8061 144
8062 143
8063 130
8064 129
8065 121
8066 125
8067 124
8068 126
8069 147
8070 134
8071 111
8072 112
8073 143
8074 115
8075 127
8076 121
8077 129
8078 102
8079 105
8080 111
8081 137
8082 124
8083 114
8084 75
8085 83
8086 133
8087 130
8088 157
8089 97
8090 126
8091 122
8092 141
8093 129
8094 122
8095 118
8096 150
8097 141
8098 130
8099 106
8100 129
8101 119
8102 135
8103 132
8104 131
8105 114
8106 129
8107 146
8108 142
8109 141
8110 190
8111 163
8112 161
8113 122
8114 126
8115 124
8116 125
8117 212
8118 128
8119 142
8120 109
8121 147
8122 118
8123 128
8124 98
8125 132
8126 117
8127 130
8128 130
8129 135
8130 150
8131 147
8132 121
8133 124
8134 136
8135 108
8136 156
8137 126
8138 101
8139 113
8140 86
8141 107
8142 133
8143 162
8144 137
8145 131
8146 149
8147 158
8148 118
8149 129
8150 129
8151 135
8152 109
8153 127
8154 121
8155 133
8156 166
8157 147
8158 127
8159 106
8160 117
8161 128
8162 131
8163 104
8164 148
8165 134
8166 154
8167 122
8168 118
8169 120
8170 135
8171 128
8172 146
8173 127
8174 128
8175 133
8176 152
8177 138
8178 117
8179 140
8180 144
8181 192
8182 153
8183 116
8184 140
8185 126
8186 118
8187 139
8188 123
8189 122
8190 123
8191 120
8192 123
8193 135
8194 128
8195 125
8196 105
8197 108
8198 148
8199 147
8200 133
8201 135
8202 117
8203 151
8204 125
8205 125
8206 140
8207 175
8208 146
8209 152
8210 126
8211 154
8212 175
8213 142
8214 175
8215 154
8216 132
8217 122
8218 126
8219 136
8220 123
8221 114
8222 142
8223 141
8224 137
8225 139
8226 110
8227 128
8228 95
8229 135
8230 131
8231 133
8232 134
8233 112
8234 171
8235 114
8236 132
8237 110
8238 133
8239 99
8240 101
8241 99
8242 100
8243 136
8244 142
8245 70
8246 118
8247 130
8248 134
8249 99
8250 139
8251 132
8252 125
8253 148
8254 120
8255 131
8256 136
8257 106
8258 118
8259 121
8260 102
8261 132
8262 132
8263 111
8264 156
8265 128
8266 122
8267 135
8268 131
8269 126
8270 119
8271 117
8272 136
8273 106
8274 133
8275 121
8276 132
8277 127
8278 112
8279 143
8280 108
8281 99
8282 110
8283 99
8284 137
8285 127
8286 125
8287 156
8288 154
8289 145
8290 148
8291 146
8292 97
8293 122
8294 146
8295 155
8296 122
8297 127
8298 105
8299 125
8300 137
8301 128
8302 118
8303 146
8304 145
8305 124
8306 129
8307 134
8308 114
8309 117
8310 137
8311 148
8312 123
8313 139
8314 133
8315 126
8316 123
8317 133
8318 140
8319 123
8320 115
8321 152
8322 145
8323 134
8324 125
8325 112
8326 116
8327 123
8328 130
8329 135
8330 136
8331 116
8332 98
8333 136
8334 152
8335 147
8336 155
8337 143
8338 125
8339 128
8340 116
8341 128
8342 112
8343 177
8344 115
8345 120
8346 119
8347 118
8348 113
8349 99
8350 134
8351 141
8352 100
8353 133
8354 128
8355 79
8356 122
8357 141
8358 136
8359 135
8360 113
8361 90
8362 133
8363 124
8364 89
8365 145
8366 111
8367 131
8368 96
8369 127
8370 140
8371 102
8372 121
8373 122
8374 142
8375 133
8376 126
8377 111
8378 136
8379 145
8380 130
8381 144
8382 154
8383 126
8384 134
8385 116
8386 131
8387 120
8388 125
8389 132
8390 108
8391 104
8392 107
8393 121
8394 120
8395 137
8396 125
8397 123
8398 108
8399 119
8400 135
8401 142
8402 141
8403 120
8404 134
8405 108
8406 106
8407 132
8408 130
8409 156
8410 112
8411 135
8412 124
8413 118
8414 137
8415 106
8416 129
8417 146
8418 113
8419 121
8420 126
8421 138
8422 152
8423 115
8424 131
8425 137
8426 90
8427 139
8428 132
8429 161
8430 112
8431 172
8432 136
8433 139
8434 101
8435 130
8436 122
8437 120
8438 125
8439 139
8440 129
8441 146
8442 138
8443 158
8444 129
8445 132
8446 136
8447 122
8448 150
8449 99
8450 110
8451 144
8452 150
8453 136
8454 120
8455 179
8456 115
8457 98
8458 113
8459 135
8460 115
8461 151
8462 150
8463 97
8464 101
8465 135
8466 132
8467 98
8468 127
8469 130
8470 143
8471 126
8472 141
8473 148
8474 152
8475 105
8476 112
8477 133
8478 124
8479 153
8480 114
8481 140
8482 124
8483 92
8484 98
8485 104
8486 140
8487 120
8488 123
8489 131
8490 104
8491 143
8492 157
8493 147
8494 120
8495 132
8496 142
8497 90
8498 123
8499 135
8500 124
8501 150
8502 127
8503 132
8504 147
8505 113
8506 164
8507 116
8508 128
8509 111
8510 120
8511 122
8512 112
8513 143
8514 136
8515 103
8516 137
8517 117
8518 125
8519 140
8520 117
8521 141
8522 97
8523 128
8524 182
8525 121
8526 113
8527 127
8528 138
8529 179
8530 136
8531 124
8532 140
8533 155
8534 117
8535 167
8536 141
8537 132
8538 133
8539 135
8540 149
8541 120
8542 113
8543 134
8544 103
8545 119
8546 132
8547 117
8548 129
8549 110
8550 139
8551 100
8552 118
8553 147
8554 115
8555 121
8556 124
8557 128
8558 107
8559 141
8560 121
8561 159
8562 118
8563 135
8564 136
8565 101
8566 110
8567 137
8568 110
8569 125
8570 131
8571 101
8572 122
8573 94
8574 103
8575 164
8576 91
8577 116
8578 120
8579 124
8580 130
8581 127
8582 134
8583 174
8584 105
8585 76
8586 122
8587 106
8588 127
8589 134
8590 152
8591 130
8592 133
8593 150
8594 115
8595 126
8596 104
8597 115
8598 116
8599 148
8600 130
8601 94
8602 130
8603 146
8604 120
8605 121
8606 134
8607 108
8608 139
8609 54
8610 97
8611 102
8612 137
8613 117
8614 99
8615 149
8616 96
8617 127
8618 124
8619 136
8620 133
8621 113
8622 126
8623 113
8624 119
8625 115
8626 136
8627 132
8628 128
8629 130
8630 113
8631 132
8632 130
8633 119
8634 126
8635 128
8636 141
8637 109
8638 98
8639 105
8640 153
8641 156
8642 87
8643 104
8644 119
8645 116
8646 115
8647 141
8648 99
8649 120
8650 90
8651 121
8652 125
8653 124
8654 127
8655 121
8656 124
8657 153
8658 122
8659 149
8660 117
8661 127
8662 49
8663 82
8664 108
8665 142
8666 144
8667 90
8668 110
8669 114
8670 117
8671 129
8672 123
8673 129
8674 145
8675 128
8676 124
8677 92
8678 126
8679 131
8680 128
8681 122
8682 120
8683 123
8684 157
8685 143
8686 108
8687 112
8688 140
8689 144
8690 141
8691 119
8692 128
8693 135
8694 127
8695 136
8696 139
8697 152
8698 138
8699 109
8700 115
8701 102
8702 116
8703 84
8704 172
8705 118
8706 122
8707 162
8708 102
8709 143
8710 121
8711 123
8712 114
8713 145
8714 124
8715 133
8716 130
8717 121
8718 134
8719 126
8720 127
8721 136
8722 121
8723 107
8724 126
8725 133
8726 121
8727 146
8728 120
8729 140
8730 151
8731 110
8732 138
8733 134
8734 146
8735 158
8736 127
8737 120
8738 143
8739 140
8740 145
8741 136
8742 142
8743 153
8744 124
8745 112
8746 119
8747 136
8748 155
8749 163
8750 166
8751 130
8752 103
8753 110
8754 116
8755 113
8756 121
8757 126
8758 120
8759 150
8760 164
8761 205
8762 139
8763 131
8764 138
8765 115
8766 122
8767 135
8768 130
8769 153
8770 121
8771 126
8772 120
8773 120
8774 123
8775 145
8776 127
8777 119
8778 149
8779 107
8780 129
8781 133
8782 128
8783 124
8784 116
8785 123
8786 137
8787 124
8788 129
8789 123
8790 89
8791 78
8792 105
8793 149
8794 135
8795 135
8796 139
8797 140
8798 148
8799 115
8800 126
8801 129
8802 140
8803 107
8804 114
8805 122
8806 139
8807 135
8808 104
8809 147
8810 106
8811 157
8812 130
8813 133
8814 141
8815 106
8816 126
8817 88
8818 115
8819 135
8820 142
8821 130
8822 118
8823 136
8824 155
8825 136
8826 108
8827 136
8828 97
8829 119
8830 125
8831 128
8832 105
8833 92
8834 122
8835 137
8836 119
8837 114
8838 135
8839 137
8840 144
8841 125
8842 141
8843 149
8844 119
8845 115
8846 78
8847 119
8848 149
8849 130
8850 140
8851 138
8852 144
8853 101
8854 129
8855 120
8856 130
8857 119
8858 155
8859 140
8860 130
8861 95
8862 130
8863 129
8864 131
8865 122
8866 112
8867 146
8868 127
8869 160
8870 119
8871 130
8872 132
8873 129
8874 121
8875 121
8876 146
8877 88
8878 93
8879 131
8880 140
8881 168
8882 124
8883 94
8884 97
8885 161
8886 132
8887 128
8888 90
8889 114
8890 124
8891 111
8892 144
8893 134
8894 134
8895 131
8896 154
8897 99
8898 112
8899 132
8900 133
8901 121
8902 113
8903 117
8904 115
8905 80
8906 129
8907 114
8908 128
8909 108
8910 131
8911 127
8912 117
8913 140
8914 103
8915 113
8916 132
8917 166
8918 116
8919 134
8920 132
8921 127
8922 125
8923 133
8924 117
8925 145
8926 122
8927 124
8928 125
8929 125
8930 106
8931 133
8932 149
8933 182
8934 144
8935 129
8936 77
8937 113
8938 154
8939 128
8940 147
8941 157
8942 138
8943 149
8944 100
8945 104
8946 115
8947 123
8948 146
8949 112
8950 122
8951 137
8952 110
8953 114
8954 142
8955 135
8956 119
8957 131
8958 133
8959 126
8960 131
8961 148
8962 112
8963 130
8964 134
8965 129
8966 125
8967 149
8968 122
8969 135
8970 125
8971 134
8972 107
8973 128
8974 129
8975 142
8976 126
8977 114
8978 142
8979 127
8980 113
8981 93
8982 104
8983 150
8984 122
8985 138
8986 126
8987 132
8988 141
8989 149
8990 162
8991 111
8992 119
8993 130
8994 105
8995 125
8996 125
8997 132
8998 122
8999 123
9000 118
9001 97
9002 99
9003 100
9004 122
9005 116
9006 109
9007 139
9008 143
9009 139
9010 144
9011 126
9012 151
9013 140
9014 120
9015 142
9016 142
9017 96
9018 100
9019 147
9020 125
9021 104
9022 160
9023 153
9024 143
9025 125
9026 129
9027 133
9028 120
9029 136
9030 141
9031 126
9032 128
9033 134
9034 133
9035 136
9036 122
9037 149
9038 157
9039 124
9040 126
9041 143
9042 118
9043 101
9044 111
9045 135
9046 116
9047 102
9048 117
9049 129
9050 151
9051 130
9052 114
9053 130
9054 131
9055 109
9056 121
9057 69
9058 72
9059 75
9060 143
9061 139
9062 143
9063 150
9064 118
9065 112
9066 125
9067 113
9068 166
9069 125
9070 89
9071 141
9072 146
9073 109
9074 106
9075 135
9076 107
9077 112
9078 115
9079 119
9080 110
9081 137
9082 92
9083 125
9084 153
9085 130
9086 128
9087 130
9088 135
9089 143
9090 118
9091 151
9092 145
9093 118
9094 162
9095 104
9096 118
9097 127
9098 96
9099 135
9100 120
9101 152
9102 117
9103 147
9104 158
9105 113
9106 130
9107 97
9108 168
9109 153
9110 123
9111 139
9112 139
9113 70
9114 108
9115 119
9116 108
9117 130
9118 80
9119 122
9120 151
9121 144
9122 130
9123 128
9124 152
9125 141
9126 166
9127 145
9128 81
9129 118
9130 78
9131 88
9132 106
9133 143
9134 129
9135 91
9136 127
9137 95
9138 152
9139 141
9140 130
9141 85
9142 96
9143 144
9144 104
9145 98
9146 95
9147 102
9148 151
9149 157
9150 120
9151 136
9152 110
9153 128
9154 138
9155 142
9156 124
9157 136
9158 126
9159 137
9160 131
9161 177
9162 133
9163 133
9164 124
9165 133
9166 123
9167 162
9168 136
9169 127
9170 113
9171 150
9172 147
9173 120
9174 106
9175 135
9176 119
9177 105
9178 117
9179 121
9180 76
9181 139
9182 146
9183 136
9184 130
9185 126
9186 105
9187 112
9188 107
9189 101
9190 132
9191 131
9192 116
9193 148
9194 122
9195 130
9196 127
9197 136
9198 141
9199 134
9200 132
9201 135
9202 156
9203 117
9204 132
9205 143
9206 126
9207 133
9208 125
9209 122
9210 146
9211 117
9212 125
9213 152
9214 128
9215 121
9216 154
9217 116
9218 112
9219 136
9220 137
9221 129
9222 125
9223 149
9224 129
9225 133
9226 93
9227 124
9228 128
9229 136
9230 136
9231 125
9232 96
9233 120
9234 159
9235 114
9236 107
9237 119
9238 146
9239 122
9240 138
9241 116
9242 149
9243 167
9244 119
9245 147
9246 96
9247 142
9248 113
9249 134
9250 126
9251 111
9252 121
9253 136
9254 158
9255 94
9256 123
9257 131
9258 132
9259 102
9260 119
9261 130
9262 107
9263 114
9264 111
9265 105
9266 166
9267 137
9268 152
9269 129
9270 144
9271 117
9272 152
9273 136
9274 109
9275 122
9276 120
9277 130
9278 108
9279 70
9280 81
9281 110
9282 136
9283 130
9284 144
9285 119
9286 124
9287 95
9288 117
9289 127
9290 128
9291 146
9292 104
9293 125
9294 133
9295 152
9296 154
9297 127
9298 127
9299 143
9300 155
9301 120
9302 129
9303 126
9304 146
9305 124
9306 116
9307 136
9308 110
9309 116
9310 127
9311 95
9312 111
9313 123
9314 147
9315 114
9316 118
9317 97
9318 117
9319 129
9320 109
9321 124
9322 125
9323 143
9324 132
9325 138
9326 133
9327 137
9328 117
9329 138
9330 110
9331 131
9332 103
9333 136
9334 152
9335 140
9336 157
9337 92
9338 136
9339 111
9340 129
9341 107
9342 118
9343 122
9344 108
9345 148
9346 146
9347 129
9348 125
9349 142
9350 136
9351 143
9352 130
9353 135
9354 119
9355 152
9356 126
9357 125
9358 129
9359 123
9360 113
9361 137
9362 125
9363 121
9364 120
9365 134
9366 138
9367 149
9368 120
9369 122
9370 121
9371 117
9372 129
9373 115
9374 129
9375 104
9376 133
9377 135
9378 134
9379 163
9380 116
9381 141
9382 139
9383 128
9384 135
9385 122
9386 145
9387 117
9388 108
9389 116
9390 158
9391 137
9392 109
9393 154
9394 134
9395 146
9396 140
9397 155
9398 130
9399 133
9400 114
9401 97
9402 100
9403 114
9404 138
9405 66
9406 135
9407 143
9408 147
9409 115
9410 110
9411 121
9412 100
9413 130
9414 155
9415 159
9416 107
9417 103
9418 124
9419 126
9420 128
9421 173
9422 133
9423 124
9424 140
9425 121
9426 132
9427 140
9428 132
9429 148
9430 120
9431 138
9432 144
9433 91
9434 124
9435 119
9436 110
9437 121
9438 119
9439 110
9440 125
9441 113
9442 140
9443 152
9444 110
9445 133
9446 104
9447 120
9448 127
9449 136
9450 149
9451 120
9452 102
9453 137
9454 121
9455 117
9456 86
9457 128
9458 90
9459 91
9460 117
9461 146
9462 150
9463 157
9464 176
9465 120
9466 138
9467 121
9468 112
9469 122
9470 95
9471 104
9472 135
9473 129
9474 111
9475 125
9476 112
9477 154
9478 115
9479 117
9480 160
9481 112
9482 116
9483 115
9484 110
9485 128
9486 116
9487 126
9488 130
9489 130
9490 132
9491 120
9492 146
9493 86
9494 116
9495 124
9496 97
9497 120
9498 108
9499 89
9500 124
9501 158
9502 176
9503 132
9504 140
9505 139
9506 136
9507 116
9508 158
9509 132
9510 134
9511 122
9512 121
9513 124
9514 124
9515 132
9516 126
9517 129
9518 137
9519 132
9520 125
9521 110
9522 110
9523 116
9524 145
9525 144
9526 107
9527 143
9528 124
9529 121
9530 112
9531 122
9532 119
9533 125
9534 120
9535 117
9536 129
9537 134
9538 121
9539 143
9540 110
9541 117
9542 126
9543 125
9544 144
9545 135
9546 182
9547 104
9548 115
9549 135
9550 146
9551 160
9552 139
9553 113
9554 111
9555 124
9556 111
9557 135
9558 102
9559 166
9560 168
9561 123
9562 124
9563 127
9564 127
9565 135
9566 128
9567 112
9568 130
9569 133
9570 118
9571 106
9572 126
9573 129
9574 121
9575 144
9576 138
9577 124
9578 212
9579 120
9580 156
9581 112
9582 137
9583 128
9584 150
9585 134
9586 138
9587 124
9588 137
9589 131
9590 68
9591 83
9592 109
9593 150
9594 149
9595 140
9596 155
9597 128
9598 128
9599 123
9600 138
9601 121
9602 146
9603 118
9604 127
9605 145
9606 116
9607 118
9608 128
9609 137
9610 134
9611 139
9612 124
9613 142
9614 131
9615 134
9616 116
9617 142
9618 127
9619 121
9620 178
9621 133
9622 123
9623 135
9624 124
9625 121
9626 121
9627 96
9628 115
9629 151
9630 166
9631 126
9632 107
9633 127
9634 154
9635 128
9636 154
9637 134
9638 117
9639 120
9640 139
9641 132
9642 123
9643 108
9644 128
9645 84
9646 106
9647 112
9648 131
9649 140
9650 93
9651 147
9652 117
9653 135
9654 135
9655 138
9656 128
9657 116
9658 134
9659 116
9660 140
9661 134
9662 118
9663 132
9664 148
9665 130
9666 140
9667 117
9668 141
9669 129
9670 119
9671 133
9672 131
9673 147
9674 116
9675 124
9676 104
9677 140
9678 74
9679 129
9680 124
9681 110
9682 98
9683 144
9684 137
9685 154
9686 124
9687 118
9688 121
9689 130
9690 114
9691 101
9692 80
9693 132
9694 78
9695 99
9696 109
9697 123
9698 120
9699 134
9700 130
9701 106
9702 110
9703 120
9704 123
9705 134
9706 149
9707 68
9708 123
9709 124
9710 139
9711 148
9712 132
9713 127
9714 137
9715 125
9716 128
9717 124
9718 111
9719 131
9720 132
9721 127
9722 133
9723 134
9724 143
9725 140
9726 150
9727 149
9728 123
9729 93
9730 84
9731 126
9732 127
9733 126
9734 136
9735 137
9736 111
9737 142
9738 129
9739 115
9740 87
9741 145
9742 98
9743 103
9744 122
9745 141
9746 112
9747 133
9748 126
9749 146
9750 146
9751 133
9752 126
9753 152
9754 109
9755 131
9756 124
9757 120
9758 130
9759 114
9760 131
9761 154
9762 76
9763 90
9764 119
9765 145
9766 73
9767 111
9768 104
9769 139
9770 152
9771 129
9772 117
9773 129
9774 139
9775 131
9776 129
9777 141
9778 120
9779 118
9780 116
9781 125
9782 134
9783 138
9784 119
9785 128
9786 126
9787 127
9788 114
9789 132
9790 126
9791 101
9792 138
9793 141
9794 115
9795 137
9796 132
9797 141
9798 111
9799 121
9800 121
9801 139
9802 120
9803 135
9804 122
9805 114
9806 130
9807 109
9808 122
9809 164
9810 143
9811 128
9812 130
9813 113
9814 141
9815 125
9816 137
9817 99
9818 132
9819 155
9820 116
9821 120
9822 105
9823 107
9824 112
9825 153
9826 114
9827 134
9828 138
9829 123
9830 139
9831 128
9832 138
9833 156
9834 139
9835 154
9836 129
9837 126
9838 124
9839 139
9840 100
9841 125
9842 143
9843 113
9844 123
9845 156
9846 169
9847 134
9848 106
9849 99
9850 120
9851 126
9852 112
9853 137
9854 145
9855 140
9856 163
9857 133
9858 116
9859 139
9860 113
9861 146
9862 112
9863 131
9864 144
9865 120
9866 106
9867 141
9868 107
9869 127
9870 132
9871 150
9872 159
9873 121
9874 101
9875 119
9876 159
9877 131
9878 75
9879 138
9880 130
9881 131
9882 146
9883 144
9884 146
9885 125
9886 142
9887 121
9888 86
9889 115
9890 118
9891 115
9892 156
9893 114
9894 124
9895 134
9896 120
9897 144
9898 143
9899 120
9900 122
9901 110
9902 135
9903 112
9904 131
9905 124
9906 125
9907 122
9908 106
9909 112
9910 142
9911 132
9912 150
9913 94
9914 118
9915 119
9916 139
9917 132
9918 123
9919 158
9920 144
9921 123
9922 122
9923 140
9924 170
9925 115
9926 126
9927 101
9928 135
9929 150
9930 129
9931 137
9932 157
9933 134
9934 137
9935 134
9936 134
9937 120
9938 126
9939 122
9940 137
9941 119
9942 112
9943 141
9944 124
9945 116
9946 111
9947 130
9948 160
9949 107
9950 149
9951 92
9952 144
9953 143
9954 150
9955 119
9956 73
9957 126
9958 138
9959 147
9960 144
9961 111
9962 122
9963 143
9964 144
9965 129
9966 102
9967 107
9968 123
9969 126
9970 177
9971 140
9972 123
9973 154
9974 102
9975 120
9976 117
9977 120
9978 126
9979 119
9980 125
9981 153
9982 110
9983 167
9984 153
9985 107
9986 133
9987 118
9988 120
9989 76
9990 128
9991 108
9992 124
9993 147
9994 122
9995 138
9996 115
9997 120
9998 119
9999 124
